function [ AbsKoe ] = AbsKoVer5563()
Ak = [0.03689
0.03673
0.03521
0.03481
0.03610
0.03642
0.03529
0.03431
0.03372
0.03352
0.03369
0.03462
0.03654
0.03754
0.03628
0.03420
0.03297
0.03313
0.03436
0.03586
0.03673
0.03621
0.03524
0.03508
0.03484
0.03434
0.03385
0.03264
0.03204
0.03332
0.03449
0.03433
0.03461
0.03586
0.03583
0.03387
0.03171
0.03089
0.03195
0.03379
0.03475
0.03524
0.03603
0.03645
0.03640
0.03641
0.03640
0.03601
0.03532
0.03527
0.03560
0.03523
0.03440
0.03336
0.03266
0.03341
0.03492
0.03575
0.03553
0.03445
0.03340
0.03282
0.03233
0.03278
0.03465
0.03613
0.03570
0.03454
0.03451
0.03526
0.03580
0.03611
0.03615
0.03597
0.03579
0.03509
0.03302
0.03107
0.03155
0.03343
0.03489
0.03538
0.03460
0.03348
0.03358
0.03482
0.03600
0.03695
0.03822
0.03901
0.03818
0.03639
0.03522
0.03461
0.03385
0.03395
0.03544
0.03618
0.03513
0.03411
0.03426
0.03461
0.03387
0.03226
0.03205
0.03372
0.03505
0.03512
0.03512
0.03615
0.03667
0.03536
0.03435
0.03478
0.03539
0.03570
0.03585
0.03563
0.03508
0.03452
0.03383
0.03281
0.03234
0.03324
0.03391
0.03358
0.03377
0.03441
0.03419
0.03372
0.03393
0.03408
0.03397
0.03457
0.03523
0.03507
0.03485
0.03508
0.03594
0.03728
0.03763
0.03621
0.03489
0.03471
0.03403
0.03286
0.03300
0.03404
0.03370
0.03219
0.03151
0.03128
0.03076
0.03052
0.03145
0.03339
0.03472
0.03524
0.03642
0.03803
0.03828
0.03594
0.03258
0.03148
0.03256
0.03270
0.03215
0.03300
0.03461
0.03550
0.03584
0.03589
0.03551
0.03539
0.03565
0.03594
0.03700
0.03841
0.03845
0.03790
0.03758
0.03708
0.03671
0.03633
0.03561
0.03516
0.03497
0.03496
0.03519
0.03514
0.03467
0.03382
0.03285
0.03271
0.03348
0.03427
0.03487
0.03584
0.03693
0.03663
0.03559
0.03524
0.03430
0.03275
0.03282
0.03404
0.03394
0.03267
0.03185
0.03119
0.03042
0.03075
0.03219
0.03334
0.03427
0.03508
0.03515
0.03510
0.03556
0.03588
0.03585
0.03622
0.03700
0.03749
0.03754
0.03700
0.03575
0.03479
0.03489
0.03515
0.03502
0.03525
0.03624
0.03698
0.03633
0.03530
0.03502
0.03471
0.03398
0.03336
0.03347
0.03440
0.03519
0.03593
0.03700
0.03687
0.03532
0.03382
0.03290
0.03276
0.03258
0.03178
0.03220
0.03428
0.03566
0.03591
0.03636
0.03653
0.03565
0.03428
0.03356
0.03370
0.03392
0.03427
0.03451
0.03411
0.03399
0.03427
0.03421
0.03432
0.03512
0.03536
0.03423
0.03312
0.03348
0.03514
0.03645
0.03570
0.03322
0.03120
0.03157
0.03350
0.03448
0.03416
0.03449
0.03585
0.03693
0.03670
0.03501
0.03328
0.03311
0.03399
0.03451
0.03388
0.03284
0.03299
0.03396
0.03417
0.03393
0.03366
0.03322
0.03352
0.03461
0.03519
0.03493
0.03464
0.03439
0.03383
0.03348
0.03367
0.03410
0.03457
0.03510
0.03568
0.03624
0.03653
0.03645
0.03616
0.03546
0.03429
0.03350
0.03353
0.03385
0.03375
0.03329
0.03336
0.03424
0.03514
0.03555
0.03561
0.03555
0.03551
0.03487
0.03351
0.03267
0.03286
0.03323
0.03292
0.03196
0.03124
0.03138
0.03238
0.03407
0.03567
0.03642
0.03667
0.03689
0.03702
0.03711
0.03658
0.03482
0.03322
0.03303
0.03346
0.03370
0.03362
0.03358
0.03416
0.03513
0.03574
0.03559
0.03461
0.03328
0.03279
0.03345
0.03443
0.03523
0.03553
0.03497
0.03398
0.03359
0.03403
0.03430
0.03382
0.03266
0.03130
0.03057
0.03062
0.03111
0.03152
0.03142
0.03159
0.03253
0.03371
0.03416
0.03327
0.03226
0.03257
0.03378
0.03467
0.03446
0.03363
0.03340
0.03373
0.03395
0.03366
0.03278
0.03236
0.03270
0.03291
0.03317
0.03351
0.03326
0.03343
0.03453
0.03501
0.03470
0.03441
0.03332
0.03207
0.03280
0.03441
0.03450
0.03338
0.03258
0.03217
0.03157
0.03139
0.03228
0.03347
0.03382
0.03326
0.03260
0.03236
0.03225
0.03202
0.03199
0.03213
0.03256
0.03353
0.03404
0.03372
0.03412
0.03510
0.03514
0.03464
0.03432
0.03361
0.03285
0.03280
0.03297
0.03305
0.03352
0.03389
0.03349
0.03280
0.03235
0.03211
0.03210
0.03213
0.03185
0.03185
0.03267
0.03361
0.03406
0.03424
0.03422
0.03406
0.03386
0.03297
0.03124
0.03021
0.03060
0.03141
0.03200
0.03232
0.03231
0.03209
0.03184
0.03169
0.03187
0.03221
0.03207
0.03151
0.03152
0.03241
0.03264
0.03152
0.03042
0.02998
0.03004
0.03064
0.03132
0.03160
0.03180
0.03200
0.03189
0.03156
0.03097
0.03023
0.03005
0.03094
0.03231
0.03287
0.03247
0.03188
0.03120
0.03030
0.02966
0.02951
0.02978
0.03081
0.03178
0.03158
0.03111
0.03129
0.03175
0.03162
0.03082
0.03033
0.03014
0.03004
0.03098
0.03260
0.03291
0.03163
0.03044
0.03017
0.03041
0.03074
0.03101
0.03109
0.03121
0.03153
0.03167
0.03144
0.03103
0.03061
0.03031
0.03010
0.03031
0.03111
0.03193
0.03241
0.03249
0.03210
0.03127
0.03021
0.02956
0.02979
0.03043
0.03115
0.03198
0.03239
0.03209
0.03142
0.03071
0.03026
0.03036
0.03112
0.03195
0.03201
0.03123
0.03024
0.02945
0.02903
0.02939
0.03051
0.03119
0.03072
0.03016
0.03035
0.03076
0.03087
0.03070
0.03061
0.03077
0.03083
0.03066
0.03048
0.02998
0.02912
0.02908
0.02975
0.02975
0.02951
0.02994
0.03039
0.03029
0.03016
0.03048
0.03098
0.03103
0.03046
0.02983
0.02957
0.02968
0.02989
0.02970
0.02923
0.02927
0.03029
0.03169
0.03219
0.03131
0.03012
0.02970
0.03015
0.03090
0.03065
0.02937
0.02903
0.02994
0.03044
0.03011
0.02970
0.02955
0.02955
0.02968
0.02957
0.02906
0.02871
0.02898
0.02965
0.02999
0.02979
0.02972
0.03002
0.03021
0.03034
0.03048
0.02998
0.02896
0.02837
0.02850
0.02895
0.02914
0.02898
0.02891
0.02901
0.02919
0.02954
0.02968
0.02946
0.02949
0.02979
0.02976
0.02935
0.02894
0.02861
0.02824
0.02779
0.02755
0.02765
0.02733
0.02656
0.02701
0.02876
0.02978
0.02965
0.02963
0.02995
0.03013
0.03012
0.02992
0.02941
0.02867
0.02836
0.02892
0.02949
0.02938
0.02903
0.02879
0.02878
0.02882
0.02832
0.02790
0.02842
0.02895
0.02861
0.02815
0.02800
0.02812
0.02855
0.02880
0.02863
0.02837
0.02789
0.02739
0.02754
0.02811
0.02830
0.02812
0.02813
0.02861
0.02945
0.03021
0.03037
0.02979
0.02900
0.02834
0.02775
0.02774
0.02849
0.02896
0.02868
0.02827
0.02802
0.02807
0.02827
0.02806
0.02765
0.02775
0.02798
0.02784
0.02804
0.02875
0.02895
0.02858
0.02831
0.02808
0.02788
0.02794
0.02777
0.02736
0.02764
0.02860
0.02921
0.02903
0.02836
0.02770
0.02757
0.02794
0.02820
0.02812
0.02798
0.02816
0.02861
0.02884
0.02876
0.02867
0.02842
0.02807
0.02808
0.02822
0.02821
0.02818
0.02775
0.02726
0.02753
0.02764
0.02699
0.02683
0.02742
0.02773
0.02782
0.02816
0.02845
0.02826
0.02776
0.02761
0.02777
0.02777
0.02791
0.02831
0.02867
0.02906
0.02937
0.02943
0.02933
0.02896
0.02856
0.02861
0.02886
0.02867
0.02797
0.02739
0.02705
0.02667
0.02686
0.02788
0.02857
0.02847
0.02807
0.02752
0.02732
0.02792
0.02830
0.02801
0.02789
0.02805
0.02811
0.02793
0.02761
0.02746
0.02740
0.02748
0.02803
0.02865
0.02839
0.02746
0.02678
0.02664
0.02689
0.02743
0.02806
0.02819
0.02758
0.02715
0.02744
0.02788
0.02791
0.02768
0.02795
0.02855
0.02846
0.02793
0.02800
0.02851
0.02845
0.02755
0.02654
0.02649
0.02745
0.02813
0.02789
0.02736
0.02713
0.02730
0.02778
0.02831
0.02852
0.02827
0.02783
0.02747
0.02729
0.02707
0.02697
0.02736
0.02759
0.02742
0.02751
0.02775
0.02780
0.02754
0.02703
0.02650
0.02618
0.02641
0.02687
0.02670
0.02598
0.02584
0.02689
0.02797
0.02811
0.02792
0.02802
0.02820
0.02810
0.02784
0.02758
0.02730
0.02710
0.02717
0.02767
0.02814
0.02804
0.02759
0.02716
0.02710
0.02754
0.02798
0.02798
0.02776
0.02779
0.02785
0.02739
0.02652
0.02619
0.02660
0.02686
0.02670
0.02670
0.02719
0.02759
0.02710
0.02636
0.02643
0.02705
0.02744
0.02748
0.02759
0.02756
