function [ AbsKoe ] = AbsKoVer5423()
Ak = [0.08447
0.08701
0.08972
0.09019
0.08911
0.08808
0.08707
0.08552
0.08392
0.08292
0.08244
0.08254
0.08342
0.08503
0.08692
0.08751
0.08685
0.08701
0.08779
0.08739
0.08567
0.08349
0.08198
0.08222
0.08371
0.08470
0.08447
0.08391
0.08340
0.08244
0.08194
0.08284
0.08391
0.08465
0.08548
0.08573
0.08522
0.08504
0.08560
0.08615
0.08612
0.08620
0.08650
0.08603
0.08551
0.08541
0.08445
0.08318
0.08285
0.08335
0.08451
0.08568
0.08550
0.08400
0.08282
0.08319
0.08458
0.08547
0.08536
0.08515
0.08580
0.08669
0.08666
0.08641
0.08671
0.08693
0.08686
0.08685
0.08724
0.08780
0.08806
0.08802
0.08689
0.08473
0.08377
0.08361
0.08256
0.08212
0.08265
0.08298
0.08327
0.08317
0.08294
0.08382
0.08579
0.08801
0.08972
0.09001
0.08888
0.08747
0.08623
0.08537
0.08525
0.08570
0.08670
0.08765
0.08774
0.08686
0.08483
0.08295
0.08295
0.08418
0.08519
0.08572
0.08632
0.08675
0.08628
0.08580
0.08611
0.08606
0.08535
0.08533
0.08630
0.08705
0.08723
0.08760
0.08803
0.08747
0.08569
0.08368
0.08242
0.08211
0.08284
0.08423
0.08472
0.08344
0.08195
0.08214
0.08349
0.08479
0.08554
0.08573
0.08614
0.08664
0.08676
0.08723
0.08762
0.08711
0.08620
0.08582
0.08622
0.08620
0.08560
0.08531
0.08481
0.08404
0.08402
0.08502
0.08624
0.08652
0.08512
0.08246
0.08070
0.08100
0.08217
0.08331
0.08408
0.08445
0.08508
0.08600
0.08586
0.08440
0.08312
0.08341
0.08508
0.08597
0.08542
0.08436
0.08332
0.08331
0.08432
0.08528
0.08595
0.08629
0.08641
0.08674
0.08742
0.08759
0.08658
0.08562
0.08594
0.08677
0.08681
0.08603
0.08498
0.08407
0.08381
0.08426
0.08516
0.08628
0.08652
0.08465
0.08253
0.08309
0.08485
0.08473
0.08330
0.08304
0.08457
0.08547
0.08464
0.08398
0.08320
0.08140
0.07992
0.07946
0.07930
0.07969
0.08178
0.08442
0.08542
0.08456
0.08323
0.08287
0.08362
0.08439
0.08461
0.08476
0.08513
0.08580
0.08651
0.08617
0.08508
0.08425
0.08320
0.08173
0.08101
0.08176
0.08300
0.08327
0.08324
0.08473
0.08689
0.08726
0.08559
0.08388
0.08376
0.08471
0.08459
0.08271
0.08147
0.08247
0.08391
0.08462
0.08494
0.08424
0.08227
0.07999
0.07837
0.07784
0.07838
0.07986
0.08190
0.08390
0.08473
0.08417
0.08329
0.08255
0.08262
0.08422
0.08635
0.08699
0.08608
0.08595
0.08674
0.08656
0.08546
0.08372
0.08118
0.07976
0.08041
0.08106
0.08084
0.08123
0.08281
0.08462
0.08552
0.08447
0.08240
0.08203
0.08345
0.08396
0.08218
0.07958
0.07881
0.08028
0.08223
0.08363
0.08373
0.08188
0.07971
0.07998
0.08184
0.08161
0.07917
0.07838
0.08030
0.08225
0.08281
0.08270
0.08307
0.08387
0.08370
0.08250
0.08208
0.08274
0.08269
0.08178
0.08182
0.08323
0.08442
0.08424
0.08343
0.08281
0.08262
0.08297
0.08273
0.08099
0.07879
0.07796
0.07879
0.08007
0.08081
0.08061
0.07996
0.08001
0.08117
0.08276
0.08404
0.08478
0.08446
0.08272
0.07977
0.07723
0.07736
0.07899
0.07920
0.07824
0.07829
0.07985
0.08175
0.08287
0.08242
0.08109
0.08084
0.08180
0.08260
0.08287
0.08313
0.08321
0.08273
0.08204
0.08147
0.08126
0.08180
0.08263
0.08253
0.08163
0.08123
0.08155
0.08207
0.08205
0.08141
0.08115
0.08167
0.08263
0.08360
0.08392
0.08381
0.08364
0.08299
0.08242
0.08247
0.08162
0.07974
0.07857
0.07832
0.07823
0.07800
0.07750
0.07747
0.07871
0.08021
0.08057
0.07968
0.07901
0.07975
0.08040
0.07995
0.08007
0.08082
0.08100
0.08125
0.08181
0.08190
0.08146
0.08084
0.08020
0.07951
0.07900
0.07907
0.07942
0.08005
0.08112
0.08160
0.08079
0.07949
0.07874
0.07856
0.07838
0.07827
0.07873
0.07928
0.07917
0.07905
0.07942
0.07944
0.07915
0.07887
0.07809
0.07763
0.07803
0.07848
0.07911
0.08001
0.08027
0.07986
0.07955
0.07955
0.07957
0.07931
0.07892
0.07917
0.07966
0.07922
0.07862
0.07868
0.07878
0.07860
0.07836
0.07838
0.07898
0.07984
0.08007
0.08010
0.08042
0.08005
0.07935
0.07965
0.08023
0.07959
0.07820
0.07766
0.07829
0.07926
0.07949
0.07841
0.07710
0.07675
0.07682
0.07684
0.07719
0.07742
0.07735
0.07777
0.07838
0.07845
0.07814
0.07768
0.07735
0.07748
0.07801
0.07830
0.07782
0.07751
0.07790
0.07813
0.07832
0.07886
0.07899
0.07858
0.07828
0.07806
0.07791
0.07828
0.07871
0.07833
0.07755
0.07738
0.07784
0.07818
0.07821
0.07792
0.07705
0.07612
0.07569
0.07517
0.07452
0.07485
0.07607
0.07654
0.07588
0.07512
0.07486
0.07554
0.07692
0.07753
0.07691
0.07609
0.07539
0.07451
0.07420
0.07479
0.07517
0.07504
0.07507
0.07555
0.07609
0.07618
0.07605
0.07627
0.07701
0.07801
0.07868
0.07874
0.07854
0.07844
0.07805
0.07697
0.07583
0.07517
0.07503
0.07577
0.07706
0.07742
0.07644
0.07497
0.07378
0.07337
0.07346
0.07370
0.07425
0.07454
0.07407
0.07352
0.07346
0.07347
0.07334
0.07353
0.07386
0.07403
0.07395
0.07337
0.07313
0.07409
0.07506
0.07467
0.07340
0.07257
0.07279
0.07352
0.07403
0.07439
0.07457
0.07441
0.07438
0.07450
0.07473
0.07553
0.07653
0.07654
0.07529
0.07414
0.07431
0.07504
0.07488
0.07385
0.07299
0.07288
0.07359
0.07476
0.07547
0.07524
0.07463
0.07426
0.07394
0.07362
0.07383
0.07432
0.07447
0.07438
0.07413
0.07400
0.07390
0.07336
0.07299
0.07308
0.07284
0.07216
0.07155
0.07157
0.07262
0.07388
0.07411
0.07356
0.07334
0.07350
0.07359
0.07349
0.07334
0.07347
0.07370
0.07346
0.07310
0.07328
0.07359
0.07356
0.07343
0.07341
0.07313
0.07263
0.07244
0.07244
0.07224
0.07234
0.07304
0.07349
0.07318
0.07250
0.07208
0.07220
0.07222
0.07160
0.07112
0.07177
0.07295
0.07307
0.07232
0.07223
0.07236
0.07161
0.07074
0.07089
0.07165
0.07215
0.07245
0.07246
0.07188
0.07155
0.07219
0.07308
0.07327
0.07277
0.07210
0.07178
0.07195
0.07215
0.07199
0.07166
0.07133
0.07126
0.07179
0.07215
0.07183
0.07178
0.07228
0.07231
0.07163
0.07117
0.07147
0.07219
0.07271
0.07266
0.07231
0.07232
0.07261
0.07248
0.07195
0.07147
0.07135
0.07160
0.07166
0.07160
0.07189
0.07209
0.07184
0.07136
0.07116
0.07163
0.07221
0.07217
0.07198
0.07213
0.07207
0.07127
0.07046
0.07059
0.07115
0.07139
0.07139
0.07126
0.07130
0.07163
0.07183
0.07175
0.07133
0.07059
0.07013
0.07041
0.07115
0.07185
0.07219
0.07203
0.07132
0.07046
0.06987
0.06951
0.06957
0.07011
0.07045
0.07033
0.07013
0.07066
0.07195
0.07255
0.07196
0.07129
0.07108
0.07088
0.07045
0.07000
0.06973
0.06991
0.07047
0.07077
0.07077
0.07093
0.07110
0.07054
0.06960
0.06979
0.07119
0.07196
0.07134
0.07047
0.07003
0.06972
0.06967
0.07029
0.07103
0.07103
0.07056
0.07013
0.06970
0.06969
0.07015
0.07032
0.07009
0.06974
0.06947
0.06953
0.06987
0.07014
0.07011
0.06986
0.06967
0.06963
0.06965
0.06952
0.06924
0.06945
0.07000
0.06992
0.06946
0.06948
0.07003
0.07043
0.07033
0.06999
0.06963
0.06948
0.06954
0.06950
0.06948
0.06953
0.06929
0.06910
0.06969
0.07056
0.07057
0.06986
0.06945
0.06961
0.06972
0.06942
0.06917
0.06933
0.06958
0.06958
0.06940
0.06924
0.06942
0.06992
0.07006
0.06980
0.06962
0.06938
0.06899
0.06876
0.06887
0.06931
0.06973
0.06956
0.06899
0.06889
0.06938
0.06965
0.06939
0.06908
0.06888
0.06869
0.06849
0.06820
0.06839
0.06920
0.06969
0.06951
0.06913
0.06871
0.06816
0.06781
0.06811
0.06878
0.06921
0.06942
0.06946
0.06915
0.06858
0.06795
0.06782
0.06867
0.06950
0.06933
0.06874
0.06854
0.06865
0.06884
0.06884
0.06819
0.06729
0.06712
0.06780
0.06864
0.06895
0.06838
0.06735
0.06711
0.06816
0.06921
0.06907
0.06826
0.06814
0.06872
0.06891
0.06865
0.06857
0.06869
0.06854
0.06798
0.06758
0.06748
0.06737
0.06739
0.06755
0.06771
0.06793
0.06782
0.06717
0.06663
0.06662
0.06687
0.06706
0.06708
0.06709
