function [ AbsKoe ] = AbsKoVer5683()
Ak = [0.05775
0.05656
0.05542
0.05589
0.05710
0.05721
0.05608
0.05512
0.05480
0.05445
0.05404
0.05426
0.05546
0.05682
0.05719
0.05669
0.05605
0.05600
0.05717
0.05879
0.05904
0.05783
0.05713
0.05778
0.05792
0.05604
0.05429
0.05497
0.05595
0.05546
0.05526
0.05589
0.05631
0.05648
0.05633
0.05573
0.05546
0.05589
0.05647
0.05719
0.05809
0.05818
0.05673
0.05506
0.05485
0.05526
0.05527
0.05591
0.05718
0.05793
0.05816
0.05849
0.05876
0.05796
0.05642
0.05568
0.05637
0.05788
0.05872
0.05829
0.05721
0.05594
0.05531
0.05613
0.05730
0.05696
0.05548
0.05500
0.05643
0.05806
0.05822
0.05753
0.05733
0.05740
0.05656
0.05552
0.05599
0.05739
0.05805
0.05744
0.05615
0.05532
0.05557
0.05598
0.05551
0.05473
0.05483
0.05625
0.05785
0.05854
0.05861
0.05809
0.05740
0.05720
0.05700
0.05664
0.05621
0.05551
0.05517
0.05528
0.05508
0.05487
0.05549
0.05637
0.05637
0.05572
0.05575
0.05657
0.05677
0.05611
0.05584
0.05582
0.05499
0.05365
0.05286
0.05333
0.05448
0.05454
0.05354
0.05354
0.05469
0.05551
0.05567
0.05563
0.05555
0.05526
0.05430
0.05272
0.05227
0.05397
0.05572
0.05644
0.05700
0.05697
0.05602
0.05506
0.05479
0.05519
0.05550
0.05580
0.05694
0.05848
0.05921
0.05864
0.05715
0.05597
0.05654
0.05842
0.05913
0.05737
0.05540
0.05495
0.05491
0.05420
0.05286
0.05160
0.05158
0.05297
0.05468
0.05574
0.05538
0.05401
0.05377
0.05498
0.05565
0.05485
0.05370
0.05329
0.05358
0.05427
0.05487
0.05477
0.05526
0.05681
0.05749
0.05741
0.05739
0.05612
0.05402
0.05359
0.05480
0.05585
0.05606
0.05639
0.05715
0.05731
0.05673
0.05640
0.05638
0.05620
0.05634
0.05681
0.05675
0.05633
0.05619
0.05583
0.05543
0.05598
0.05629
0.05488
0.05342
0.05357
0.05437
0.05410
0.05311
0.05301
0.05350
0.05374
0.05347
0.05238
0.05171
0.05221
0.05267
0.05335
0.05459
0.05473
0.05406
0.05383
0.05374
0.05394
0.05462
0.05541
0.05593
0.05559
0.05488
0.05464
0.05488
0.05570
0.05694
0.05775
0.05751
0.05644
0.05525
0.05420
0.05335
0.05337
0.05454
0.05567
0.05582
0.05534
0.05455
0.05368
0.05361
0.05449
0.05520
0.05445
0.05244
0.05109
0.05123
0.05157
0.05116
0.05085
0.05133
0.05225
0.05314
0.05355
0.05370
0.05406
0.05399
0.05356
0.05386
0.05433
0.05419
0.05480
0.05616
0.05544
0.05300
0.05216
0.05254
0.05247
0.05220
0.05234
0.05285
0.05333
0.05404
0.05510
0.05470
0.05270
0.05142
0.05150
0.05260
0.05339
0.05210
0.05057
0.05157
0.05304
0.05276
0.05221
0.05216
0.05137
0.05011
0.05021
0.05170
0.05257
0.05214
0.05197
0.05247
0.05303
0.05393
0.05473
0.05441
0.05349
0.05275
0.05275
0.05373
0.05425
0.05353
0.05304
0.05313
0.05295
0.05275
0.05307
0.05372
0.05400
0.05319
0.05151
0.05036
0.05047
0.05090
0.05093
0.05115
0.05162
0.05149
0.05083
0.05065
0.05132
0.05229
0.05329
0.05426
0.05395
0.05207
0.05073
0.05059
0.05049
0.05004
0.04973
0.04994
0.05027
0.05040
0.05095
0.05181
0.05257
0.05290
0.05228
0.05112
0.04973
0.04868
0.04949
0.05200
0.05405
0.05367
0.05179
0.05042
0.04989
0.05034
0.05155
0.05237
0.05263
0.05303
0.05300
0.05160
0.04993
0.04942
0.04992
0.05127
0.05312
0.05360
0.05213
0.05081
0.05060
0.05078
0.05088
0.05060
0.04955
0.04829
0.04778
0.04804
0.04841
0.04865
0.04919
0.04970
0.04956
0.04944
0.04960
0.04953
0.04975
0.05015
0.04985
0.04943
0.04952
0.04986
0.05031
0.05090
0.05184
0.05294
0.05307
0.05215
0.05172
0.05207
0.05227
0.05157
0.05025
0.04962
0.05003
0.05021
0.04977
0.04975
0.05053
0.05110
0.05075
0.05037
0.05071
0.05098
0.05056
0.04999
0.04984
0.05026
0.05082
0.05066
0.05017
0.05016
0.04984
0.04893
0.04861
0.04912
0.04959
0.04982
0.04990
0.04976
0.04949
0.04944
0.04965
0.04960
0.04945
0.04976
0.05010
0.04977
0.04917
0.04904
0.04940
0.04968
0.04952
0.04940
0.04970
0.04971
0.04953
0.04986
0.05020
0.05021
0.05023
0.04996
0.04959
0.04987
0.05011
0.04975
0.04931
0.04877
0.04807
0.04784
0.04794
0.04783
0.04784
0.04784
0.04754
0.04756
0.04789
0.04837
0.04915
0.04920
0.04820
0.04767
0.04789
0.04744
0.04619
0.04589
0.04713
0.04816
0.04785
0.04732
0.04744
0.04784
0.04817
0.04816
0.04763
0.04700
0.04701
0.04798
0.04904
0.04900
0.04834
0.04819
0.04869
0.04913
0.04903
0.04863
0.04823
0.04799
0.04811
0.04848
0.04876
0.04866
0.04804
0.04716
0.04708
0.04812
0.04889
0.04881
0.04821
0.04698
0.04592
0.04605
0.04683
0.04724
0.04717
0.04722
0.04757
0.04761
0.04721
0.04693
0.04681
0.04667
0.04675
0.04692
0.04699
0.04709
0.04693
0.04654
0.04632
0.04633
0.04662
0.04685
0.04683
0.04714
0.04770
0.04788
0.04754
0.04676
0.04617
0.04618
0.04655
0.04720
0.04748
0.04710
0.04686
0.04712
0.04758
0.04789
0.04740
0.04614
0.04521
0.04539
0.04636
0.04732
0.04783
0.04815
0.04823
0.04780
0.04717
0.04650
0.04566
0.04520
0.04585
0.04695
0.04729
0.04701
0.04707
0.04750
0.04732
0.04647
0.04618
0.04666
0.04690
0.04683
0.04718
0.04757
0.04704
0.04614
0.04586
0.04610
0.04618
0.04548
0.04455
0.04449
0.04491
0.04508
0.04516
0.04538
0.04527
0.04441
0.04377
0.04428
0.04493
0.04478
0.04457
0.04500
0.04535
0.04501
0.04447
0.04443
0.04506
0.04589
0.04633
0.04619
0.04567
0.04546
0.04573
0.04571
0.04515
0.04452
0.04403
0.04404
0.04476
0.04556
0.04562
0.04483
0.04425
0.04468
0.04530
0.04503
0.04427
0.04412
0.04462
0.04517
0.04538
0.04519
0.04508
0.04512
0.04502
0.04508
0.04527
0.04517
0.04472
0.04434
0.04418
0.04396
0.04372
0.04397
0.04473
0.04480
0.04391
0.04364
0.04412
0.04430
0.04448
0.04489
0.04513
0.04506
0.04473
0.04470
0.04511
0.04513
0.04484
0.04484
0.04494
0.04504
0.04501
0.04452
0.04385
0.04372
0.04410
0.04431
0.04434
0.04439
0.04408
0.04341
0.04286
0.04288
0.04366
0.04460
0.04461
0.04391
0.04381
0.04427
0.04425
0.04372
0.04318
0.04314
0.04383
0.04448
0.04440
0.04420
0.04437
0.04404
0.04285
0.04195
0.04201
0.04255
0.04286
0.04256
0.04221
0.04253
0.04309
0.04341
0.04359
0.04383
0.04417
0.04431
0.04393
0.04358
0.04334
0.04258
0.04207
0.04283
0.04404
0.04450
0.04410
0.04340
0.04284
0.04235
0.04204
0.04221
0.04289
0.04368
0.04384
0.04325
0.04298
0.04352
0.04393
0.04366
0.04330
0.04315
0.04316
0.04351
0.04402
0.04421
0.04376
0.04290
0.04252
0.04296
0.04361
0.04404
0.04414
0.04357
0.04271
0.04247
0.04271
0.04315
0.04373
0.04376
0.04287
0.04211
0.04260
0.04355
0.04360
0.04298
0.04230
0.04188
0.04225
0.04302
0.04304
0.04229
0.04178
0.04230
0.04338
0.04361
0.04301
0.04272
0.04292
0.04314
0.04324
0.04322
0.04308
0.04306
0.04338
0.04366
0.04349
0.04290
0.04246
0.04288
0.04372
0.04382
0.04295
0.04196
0.04159
0.04140
0.04113
0.04150
0.04215
0.04218
0.04214
0.04235
0.04205
0.04162
0.04204
0.04254
0.04221
0.04186
0.04182
0.04143
0.04095
0.04106
0.04181
0.04241
0.04227
0.04195
0.04202
0.04199
0.04165
0.04159
0.04180
0.04202
0.04240
0.04274
0.04259
0.04207
0.04141
0.04062
0.04041
0.04123
0.04201
0.04207
0.04197
0.04194
0.04180
0.04182
0.04221
0.04249
0.04207
0.04148
0.04164
0.04229
0.04270
0.04258
0.04205
0.04158
0.04142
0.04177
0.04244
0.04259
0.04240
0.04253
0.04271
0.04285
0.04290
0.04268
0.04262
0.04257
0.04187
0.04114
0.04098
0.04090
0.04112
0.04177
0.04211
0.04196
0.04171
0.04151
0.04151
0.04171
0.04160
0.04097
0.04043
0.04054
0.04115
0.04165
0.04189
0.04217
0.04218
0.04165
0.04110
0.04067
0.04040
0.04045
0.04056
0.04059
0.04090
0.04139
0.04138
0.04084
0.04039
0.04035
0.04064
0.04096
0.04103
0.04080
0.04051
0.04046
0.04053
0.04030
0.04009
0.04055
0.04100
0.04049
0.03982
