function [ AbsKoe ] = AbsKoVer5573()
Ak = [0.01896
0.01918
0.01907
0.01933
0.02041
0.02104
0.02040
0.01854
0.01629
0.01482
0.01516
0.01746
0.02019
0.02173
0.02189
0.02131
0.02036
0.01878
0.01746
0.01814
0.02021
0.02122
0.01996
0.01764
0.01657
0.01710
0.01785
0.01849
0.01925
0.01947
0.01890
0.01858
0.01964
0.02068
0.01957
0.01794
0.01765
0.01750
0.01717
0.01745
0.01829
0.01964
0.02110
0.02184
0.02197
0.02214
0.02203
0.02152
0.02107
0.02059
0.02006
0.01991
0.02031
0.02048
0.01965
0.01892
0.01968
0.02134
0.02238
0.02244
0.02238
0.02243
0.02213
0.02198
0.02272
0.02346
0.02284
0.02195
0.02213
0.02254
0.02234
0.02184
0.02202
0.02347
0.02471
0.02388
0.02164
0.02045
0.02128
0.02312
0.02467
0.02441
0.02233
0.02090
0.02163
0.02330
0.02375
0.02253
0.02118
0.02075
0.02088
0.02121
0.02195
0.02294
0.02366
0.02437
0.02524
0.02538
0.02406
0.02231
0.02172
0.02205
0.02250
0.02328
0.02359
0.02260
0.02160
0.02132
0.02136
0.02184
0.02263
0.02322
0.02378
0.02467
0.02494
0.02386
0.02276
0.02241
0.02178
0.02076
0.02061
0.02183
0.02326
0.02388
0.02384
0.02299
0.02171
0.02171
0.02286
0.02351
0.02364
0.02390
0.02428
0.02419
0.02341
0.02282
0.02309
0.02368
0.02400
0.02396
0.02371
0.02320
0.02254
0.02204
0.02186
0.02237
0.02341
0.02414
0.02431
0.02378
0.02261
0.02153
0.02112
0.02150
0.02207
0.02199
0.02158
0.02213
0.02318
0.02346
0.02362
0.02372
0.02278
0.02214
0.02261
0.02216
0.02065
0.02008
0.02095
0.02227
0.02306
0.02306
0.02299
0.02360
0.02417
0.02399
0.02355
0.02362
0.02452
0.02513
0.02463
0.02422
0.02491
0.02568
0.02565
0.02530
0.02493
0.02446
0.02377
0.02323
0.02330
0.02276
0.02121
0.02033
0.02104
0.02261
0.02366
0.02412
0.02522
0.02638
0.02555
0.02313
0.02129
0.02097
0.02113
0.02097
0.02034
0.01940
0.01986
0.02143
0.02112
0.01919
0.01856
0.01980
0.02160
0.02302
0.02358
0.02377
0.02431
0.02493
0.02480
0.02376
0.02283
0.02298
0.02382
0.02461
0.02494
0.02424
0.02324
0.02370
0.02532
0.02607
0.02492
0.02311
0.02256
0.02318
0.02365
0.02343
0.02290
0.02298
0.02358
0.02391
0.02401
0.02404
0.02398
0.02368
0.02265
0.02119
0.02051
0.02036
0.01963
0.01925
0.02029
0.02163
0.02231
0.02274
0.02314
0.02368
0.02438
0.02467
0.02474
0.02539
0.02599
0.02554
0.02457
0.02397
0.02356
0.02282
0.02197
0.02150
0.02147
0.02134
0.02098
0.02134
0.02276
0.02441
0.02548
0.02500
0.02307
0.02172
0.02233
0.02373
0.02412
0.02347
0.02310
0.02371
0.02484
0.02551
0.02509
0.02384
0.02255
0.02200
0.02226
0.02209
0.02072
0.01967
0.02034
0.02180
0.02289
0.02365
0.02406
0.02435
0.02486
0.02517
0.02537
0.02555
0.02475
0.02348
0.02295
0.02271
0.02258
0.02305
0.02331
0.02301
0.02346
0.02485
0.02515
0.02343
0.02144
0.02103
0.02228
0.02373
0.02399
0.02332
0.02275
0.02305
0.02424
0.02517
0.02491
0.02413
0.02378
0.02358
0.02290
0.02175
0.02060
0.01968
0.01917
0.01959
0.02092
0.02217
0.02276
0.02315
0.02367
0.02401
0.02429
0.02492
0.02575
0.02622
0.02616
0.02590
0.02588
0.02565
0.02467
0.02360
0.02316
0.02342
0.02411
0.02475
0.02470
0.02380
0.02301
0.02277
0.02236
0.02184
0.02209
0.02306
0.02349
0.02272
0.02190
0.02193
0.02235
0.02285
0.02365
0.02438
0.02400
0.02268
0.02205
0.02225
0.02185
0.02083
0.02037
0.02099
0.02223
0.02317
0.02329
0.02310
0.02303
0.02279
0.02264
0.02304
0.02316
0.02249
0.02203
0.02249
0.02334
0.02376
0.02359
0.02364
0.02417
0.02436
0.02406
0.02404
0.02426
0.02390
0.02326
0.02312
0.02344
0.02351
0.02285
0.02207
0.02191
0.02263
0.02418
0.02529
0.02464
0.02327
0.02280
0.02306
0.02331
0.02313
0.02239
0.02196
0.02216
0.02231
0.02229
0.02256
0.02327
0.02395
0.02394
0.02333
0.02296
0.02304
0.02341
0.02395
0.02370
0.02230
0.02128
0.02153
0.02232
0.02298
0.02306
0.02282
0.02314
0.02358
0.02329
0.02288
0.02303
0.02351
0.02389
0.02385
0.02318
0.02225
0.02198
0.02255
0.02297
0.02279
0.02257
0.02265
0.02285
0.02262
0.02166
0.02077
0.02049
0.02017
0.01997
0.02047
0.02117
0.02164
0.02165
0.02104
0.02059
0.02105
0.02189
0.02232
0.02266
0.02312
0.02276
0.02193
0.02191
0.02214
0.02185
0.02172
0.02221
0.02297
0.02337
0.02286
0.02176
0.02111
0.02133
0.02185
0.02176
0.02092
0.02024
0.02091
0.02271
0.02383
0.02337
0.02233
0.02182
0.02198
0.02252
0.02305
0.02303
0.02272
0.02278
0.02295
0.02276
0.02251
0.02247
0.02219
0.02164
0.02128
0.02124
0.02174
0.02293
0.02362
0.02281
0.02169
0.02156
0.02181
0.02200
0.02228
0.02218
0.02162
0.02137
0.02149
0.02158
0.02166
0.02187
0.02217
0.02237
0.02248
0.02278
0.02315
0.02303
0.02247
0.02239
0.02288
0.02298
0.02244
0.02156
0.02081
0.02072
0.02108
0.02126
0.02114
0.02111
0.02113
0.02106
0.02123
0.02157
0.02168
0.02154
0.02149
0.02153
0.02156
0.02151
0.02144
0.02191
0.02240
0.02198
0.02132
0.02097
0.02063
0.02050
0.02051
0.02037
0.02068
0.02149
0.02197
0.02223
0.02256
0.02248
0.02179
0.02098
0.02069
0.02111
0.02169
0.02163
0.02113
0.02108
0.02130
0.02110
0.02097
0.02138
0.02175
0.02151
0.02076
0.02007
0.02004
0.02054
0.02088
0.02077
0.02049
0.02061
0.02103
0.02126
0.02116
0.02073
0.02034
0.02032
0.02060
0.02111
0.02166
0.02215
0.02241
0.02221
0.02169
0.02081
0.01989
0.01991
0.02064
0.02092
0.02038
0.01966
0.01914
0.01893
0.01963
0.02070
0.02082
0.02052
0.02074
0.02106
0.02102
0.02048
0.01967
0.01930
0.01959
0.02026
0.02087
0.02089
0.02052
0.02036
0.02047
0.02082
0.02091
0.02015
0.01936
0.01933
0.01959
0.01973
0.01983
0.02015
0.02068
0.02079
0.02036
0.02006
0.02029
0.02100
0.02183
0.02222
0.02166
0.02026
0.01911
0.01903
0.01959
0.01994
0.02000
0.02046
0.02127
0.02138
0.02069
0.01984
0.01929
0.01950
0.02028
0.02077
0.02062
0.02048
0.02075
0.02111
0.02138
0.02156
0.02158
0.02138
0.02098
0.02070
0.02059
0.02049
0.02051
0.02066
0.02086
0.02117
0.02147
0.02150
0.02144
0.02143
0.02142
0.02115
0.02051
0.02001
0.02002
0.02033
0.02065
0.02081
0.02087
0.02069
0.02006
0.01948
0.01970
0.02043
0.02076
0.02049
0.01992
0.01940
0.01923
0.01942
0.01983
0.02004
0.01961
0.01904
0.01911
0.01969
0.02026
0.02054
0.02061
0.02083
0.02107
0.02110
0.02110
0.02091
0.02031
0.02000
0.02034
0.02063
0.02057
0.02063
0.02092
0.02114
0.02111
0.02085
0.02066
0.02059
0.02039
0.02003
0.01987
0.02017
0.02058
0.02070
0.02038
0.01966
0.01924
0.01967
0.02044
0.02101
0.02135
0.02146
0.02131
0.02108
0.02092
0.02062
0.02024
0.02023
0.02042
0.02049
0.02064
0.02061
0.02006
0.01971
0.01981
0.02008
0.02072
0.02132
0.02113
0.02029
0.01944
0.01912
0.01932
0.01946
0.01923
0.01890
0.01892
0.01951
0.02017
0.02038
0.02022
0.01987
0.01966
0.02002
0.02065
0.02075
0.02041
0.02015
0.01982
0.01972
0.02037
0.02096
0.02081
0.02040
0.01998
0.01947
0.01920
0.01942
0.01986
0.01999
0.01969
0.01936
0.01931
0.01946
0.01954
0.01946
0.01933
0.01948
0.01991
0.01989
0.01945
0.01957
0.02013
0.02025
0.02008
0.02006
0.01993
0.01974
0.01984
0.02002
0.02009
0.02006
0.01978
0.01939
0.01937
0.01969
0.01974
0.01933
0.01907
0.01948
0.02011
0.02052
0.02055
0.02006
0.01955
0.01912
0.01868
0.01867
0.01909
0.01935
0.01912
0.01907
0.01971
0.02021
0.02002
0.01969
0.01967
0.01972
0.01951
0.01914
0.01887
0.01895
0.01957
0.02018
0.02003
0.01953
0.01923
0.01942
0.02007
0.02032
0.02001
0.01976
0.01968
0.01974
0.01962
0.01906
0.01854
0.01845
0.01873
0.01891
0.01868
0.01855
0.01877
0.01889
0.01905
0.01953
0.01983
0.01960
0.01922
0.01928
0.01966
0.02003
0.02054
0.02108
0.02110
0.02054
0.01987
0.01948
0.01949
