function [ AbsKoe ] = AbsKoVer5313()
Ak = [
0.07014
0.07123
0.07281
0.07344
0.07328
0.07320
0.07327
0.07246
0.07027
0.06844
0.06825
0.06896
0.07066
0.07302
0.07408
0.07387
0.07418
0.07495
0.07539
0.07552
0.07498
0.07398
0.07387
0.07429
0.07285
0.06935
0.06697
0.06757
0.06868
0.06795
0.06729
0.06917
0.07189
0.07221
0.07032
0.06889
0.06896
0.06965
0.07047
0.07162
0.07291
0.07376
0.07384
0.07324
0.07237
0.07140
0.07039
0.07016
0.07081
0.07105
0.07068
0.07079
0.07168
0.07266
0.07245
0.07160
0.07237
0.07384
0.07434
0.07510
0.07643
0.07652
0.07493
0.07431
0.07634
0.07862
0.07872
0.07792
0.07855
0.07963
0.07884
0.07705
0.07683
0.07744
0.07595
0.07229
0.06879
0.06768
0.06940
0.07171
0.07255
0.07203
0.07169
0.07222
0.07305
0.07410
0.07520
0.07593
0.07620
0.07556
0.07473
0.07478
0.07503
0.07518
0.07611
0.07753
0.07726
0.07368
0.06965
0.06978
0.07294
0.07498
0.07524
0.07505
0.07494
0.07509
0.07575
0.07669
0.07662
0.07501
0.07437
0.07594
0.07690
0.07592
0.07523
0.07588
0.07716
0.07824
0.07738
0.07381
0.07051
0.07056
0.07243
0.07337
0.07313
0.07219
0.07131
0.07155
0.07311
0.07505
0.07664
0.07784
0.07876
0.07947
0.07962
0.07922
0.07898
0.07883
0.07804
0.07651
0.07520
0.07498
0.07535
0.07537
0.07507
0.07555
0.07732
0.07832
0.07642
0.07297
0.07021
0.06841
0.06807
0.06863
0.06887
0.07022
0.07375
0.07742
0.07973
0.08085
0.07906
0.07327
0.06797
0.06709
0.06886
0.06977
0.06963
0.07030
0.07225
0.07415
0.07538
0.07658
0.07729
0.07693
0.07691
0.07854
0.08057
0.08031
0.07819
0.07749
0.07881
0.08032
0.08015
0.07827
0.07642
0.07608
0.07688
0.07704
0.07638
0.07596
0.07546
0.07389
0.07172
0.07085
0.07252
0.07528
0.07703
0.07760
0.07772
0.07739
0.07656
0.07499
0.07199
0.06830
0.06606
0.06571
0.06538
0.06502
0.06662
0.06888
0.06920
0.06793
0.06729
0.06903
0.07214
0.07387
0.07397
0.07450
0.07589
0.07697
0.07697
0.07652
0.07641
0.07618
0.07580
0.07608
0.07644
0.07599
0.07530
0.07505
0.07491
0.07487
0.07538
0.07608
0.07637
0.07661
0.07740
0.07781
0.07600
0.07324
0.07307
0.07479
0.07526
0.07518
0.07606
0.07589
0.07306
0.06938
0.06702
0.06623
0.06614
0.06752
0.07146
0.07540
0.07620
0.07502
0.07447
0.07496
0.07528
0.07502
0.07537
0.07609
0.07628
0.07679
0.07699
0.07535
0.07359
0.07233
0.07032
0.06991
0.07168
0.07180
0.07028
0.07055
0.07361
0.07769
0.07950
0.07764
0.07461
0.07292
0.07278
0.07276
0.07162
0.07002
0.07013
0.07227
0.07437
0.07537
0.07518
0.07258
0.06894
0.06864
0.07157
0.07302
0.07131
0.06993
0.07107
0.07306
0.07455
0.07533
0.07528
0.07479
0.07441
0.07439
0.07497
0.07546
0.07465
0.07335
0.07327
0.07385
0.07369
0.07347
0.07420
0.07493
0.07509
0.07533
0.07525
0.07394
0.07184
0.07089
0.07188
0.07292
0.07266
0.07220
0.07326
0.07543
0.07612
0.07488
0.07437
0.07546
0.07583
0.07438
0.07188
0.06979
0.06960
0.07009
0.06874
0.06657
0.06743
0.07137
0.07460
0.07568
0.07516
0.07364
0.07317
0.07424
0.07502
0.07520
0.07532
0.07454
0.07276
0.07194
0.07273
0.07365
0.07372
0.07336
0.07293
0.07244
0.07272
0.07360
0.07372
0.07297
0.07198
0.07148
0.07187
0.07257
0.07308
0.07333
0.07337
0.07312
0.07306
0.07367
0.07389
0.07260
0.07018
0.06785
0.06699
0.06722
0.06680
0.06609
0.06680
0.06873
0.07009
0.07038
0.07081
0.07194
0.07292
0.07332
0.07383
0.07443
0.07424
0.07323
0.07223
0.07254
0.07429
0.07556
0.07506
0.07383
0.07331
0.07365
0.07415
0.07415
0.07354
0.07295
0.07276
0.07273
0.07320
0.07337
0.07213
0.07108
0.07130
0.07167
0.07155
0.07159
0.07225
0.07249
0.07216
0.07244
0.07251
0.07176
0.07192
0.07253
0.07159
0.07000
0.06960
0.07011
0.07059
0.07050
0.06985
0.06940
0.06992
0.07160
0.07355
0.07416
0.07339
0.07258
0.07217
0.07223
0.07251
0.07214
0.07095
0.06983
0.06975
0.07045
0.07071
0.07069
0.07134
0.07216
0.07271
0.07314
0.07306
0.07244
0.07201
0.07193
0.07211
0.07226
0.07210
0.07175
0.07092
0.06949
0.06837
0.06859
0.06944
0.06914
0.06799
0.06781
0.06860
0.06894
0.06798
0.06701
0.06798
0.07005
0.07112
0.07124
0.07112
0.07066
0.07000
0.06975
0.07026
0.07098
0.07092
0.07017
0.06949
0.06911
0.06929
0.06982
0.06991
0.06967
0.06969
0.06959
0.06896
0.06876
0.06954
0.07031
0.07050
0.07070
0.07045
0.06903
0.06810
0.06863
0.06932
0.06954
0.06955
0.06980
0.07030
0.07026
0.06957
0.06900
0.06871
0.06843
0.06829
0.06835
0.06863
0.06897
0.06895
0.06886
0.06919
0.06988
0.07020
0.06961
0.06880
0.06870
0.06913
0.06950
0.06989
0.07003
0.06907
0.06795
0.06822
0.06921
0.06960
0.06918
0.06849
0.06818
0.06813
0.06782
0.06762
0.06773
0.06780
0.06790
0.06780
0.06740
0.06754
0.06832
0.06883
0.06894
0.06906
0.06875
0.06775
0.06710
0.06756
0.06798
0.06748
0.06672
0.06654
0.06709
0.06778
0.06793
0.06764
0.06732
0.06748
0.06834
0.06919
0.06935
0.06922
0.06938
0.06952
0.06881
0.06742
0.06660
0.06657
0.06665
0.06677
0.06710
0.06742
0.06747
0.06727
0.06705
0.06701
0.06729
0.06774
0.06794
0.06807
0.06840
0.06865
0.06872
0.06836
0.06763
0.06693
0.06624
0.06577
0.06575
0.06580
0.06582
0.06597
0.06635
0.06698
0.06760
0.06775
0.06720
0.06655
0.06625
0.06615
0.06652
0.06713
0.06720
0.06697
0.06697
0.06679
0.06623
0.06603
0.06647
0.06702
0.06713
0.06664
0.06604
0.06598
0.06663
0.06744
0.06774
0.06762
0.06734
0.06702
0.06666
0.06611
0.06551
0.06510
0.06499
0.06532
0.06596
0.06639
0.06614
0.06583
0.06598
0.06603
0.06567
0.06515
0.06484
0.06523
0.06583
0.06595
0.06608
0.06652
0.06672
0.06678
0.06704
0.06724
0.06708
0.06660
0.06609
0.06591
0.06599
0.06611
0.06637
0.06665
0.06680
0.06697
0.06737
0.06793
0.06798
0.06701
0.06595
0.06606
0.06673
0.06659
0.06586
0.06535
0.06532
0.06558
0.06546
0.06506
0.06512
0.06540
0.06550
0.06557
0.06556
0.06531
0.06496
0.06486
0.06489
0.06469
0.06470
0.06557
0.06666
0.06656
0.06570
0.06572
0.06657
0.06688
0.06633
0.06586
0.06611
0.06655
0.06624
0.06570
0.06572
0.06560
0.06531
0.06541
0.06535
0.06501
0.06508
0.06536
0.06499
0.06422
0.06405
0.06450
0.06509
0.06540
0.06526
0.06514
0.06547
0.06587
0.06570
0.06522
0.06495
0.06485
0.06471
0.06467
0.06480
0.06470
0.06459
0.06517
0.06588
0.06583
0.06514
0.06455
0.06441
0.06429
0.06386
0.06364
0.06427
0.06539
0.06592
0.06571
0.06550
0.06527
0.06475
0.06444
0.06447
0.06436
0.06417
0.06428
0.06442
0.06439
0.06474
0.06537
0.06549
0.06502
0.06444
0.06408
0.06403
0.06425
0.06440
0.06418
0.06394
0.06413
0.06454
0.06483
0.06502
0.06508
0.06490
0.06455
0.06415
0.06402
0.06447
0.06515
0.06533
0.06484
0.06434
0.06415
0.06396
0.06389
0.06410
0.06401
0.06362
0.06382
0.06438
0.06453
0.06471
0.06516
0.06502
0.06437
0.06425
0.06456
0.06480
0.06492
0.06449
0.06369
0.06348
0.06366
0.06346
0.06321
0.06348
0.06397
0.06407
0.06390
0.06382
0.06388
0.06394
0.06380
0.06343
0.06313
0.06326
0.06358
0.06367
0.06352
0.06305
0.06268
0.06276
0.06288
0.06285
0.06289
0.06312
0.06338
0.06334
0.06312
0.06327
0.06384
0.06409
0.06368
0.06325
0.06333
0.06361
0.06350
0.06329
0.06358
0.06404
0.06385
0.06325
0.06290
0.06260
0.06215
0.06207
0.06255
0.06317
0.06369
0.06382
0.06346
0.06327
0.06352
0.06374
0.06402
0.06446
0.06437
0.06394
0.06396
0.06408
0.06367
0.06268
0.06153
0.06104
0.06145
0.06201
0.06187
0.06136
0.06162
0.06248
0.06284
0.06262
0.06242
0.06240
0.06228
0.06223
0.06273
0.06316
0.06292
0.06275
0.06275
0.06250
0.06228
0.06224
0.06236
0.06249
0.06226
0.06176
0.06159
0.06204
0.06237
0.06187
0.06131
0.06155
0.06219
