function [ AbsKoe ] = AbsKoVer5572()
Ak = [0.00981
0.01154
0.01214
0.01150
0.01108
0.01065
0.00935
0.00766
0.00641
0.00622
0.00757
0.01021
0.01254
0.01293
0.01221
0.01161
0.01060
0.00928
0.00916
0.01041
0.01120
0.01059
0.00965
0.00917
0.00940
0.01034
0.01077
0.01004
0.00888
0.00823
0.00876
0.00987
0.01097
0.01199
0.01166
0.00971
0.00842
0.00837
0.00780
0.00726
0.00830
0.01009
0.01133
0.01184
0.01173
0.01164
0.01224
0.01280
0.01222
0.01143
0.01129
0.01123
0.01126
0.01145
0.01131
0.01096
0.01086
0.01087
0.01006
0.00874
0.00876
0.01044
0.01182
0.01188
0.01158
0.01138
0.01099
0.01102
0.01199
0.01318
0.01325
0.01205
0.01131
0.01200
0.01268
0.01192
0.01040
0.00975
0.01049
0.01198
0.01345
0.01375
0.01219
0.01058
0.01094
0.01250
0.01302
0.01139
0.00901
0.00836
0.00979
0.01150
0.01281
0.01383
0.01394
0.01345
0.01326
0.01303
0.01218
0.01166
0.01223
0.01266
0.01274
0.01367
0.01437
0.01342
0.01195
0.01094
0.01039
0.01035
0.01098
0.01221
0.01331
0.01404
0.01426
0.01315
0.01157
0.01095
0.01085
0.01049
0.01045
0.01158
0.01282
0.01270
0.01180
0.01108
0.01072
0.01125
0.01246
0.01276
0.01215
0.01199
0.01249
0.01292
0.01308
0.01321
0.01319
0.01291
0.01275
0.01243
0.01148
0.01032
0.00960
0.00988
0.01059
0.01095
0.01151
0.01199
0.01144
0.01051
0.00982
0.00914
0.00898
0.00928
0.00929
0.00922
0.00964
0.01076
0.01193
0.01224
0.01181
0.01092
0.01005
0.01031
0.01162
0.01200
0.01078
0.00934
0.00879
0.00978
0.01192
0.01348
0.01396
0.01405
0.01380
0.01321
0.01258
0.01206
0.01198
0.01246
0.01321
0.01413
0.01494
0.01501
0.01446
0.01395
0.01384
0.01397
0.01368
0.01283
0.01180
0.01040
0.00889
0.00838
0.00938
0.01088
0.01128
0.01080
0.01103
0.01227
0.01330
0.01340
0.01293
0.01229
0.01107
0.00935
0.00797
0.00760
0.00883
0.01047
0.01024
0.00888
0.00910
0.01085
0.01243
0.01331
0.01367
0.01392
0.01423
0.01437
0.01389
0.01274
0.01191
0.01199
0.01246
0.01318
0.01416
0.01439
0.01328
0.01251
0.01361
0.01473
0.01384
0.01228
0.01179
0.01206
0.01230
0.01191
0.01145
0.01247
0.01417
0.01437
0.01350
0.01305
0.01292
0.01275
0.01245
0.01165
0.01072
0.00985
0.00887
0.00905
0.01087
0.01208
0.01174
0.01150
0.01203
0.01305
0.01403
0.01381
0.01307
0.01326
0.01383
0.01394
0.01356
0.01307
0.01298
0.01266
0.01149
0.01085
0.01142
0.01171
0.01128
0.01119
0.01140
0.01157
0.01202
0.01220
0.01177
0.01157
0.01205
0.01268
0.01257
0.01212
0.01222
0.01277
0.01385
0.01491
0.01469
0.01354
0.01253
0.01187
0.01160
0.01135
0.01068
0.01028
0.01077
0.01131
0.01132
0.01156
0.01222
0.01283
0.01321
0.01318
0.01311
0.01298
0.01246
0.01204
0.01154
0.01082
0.01081
0.01135
0.01129
0.01091
0.01140
0.01249
0.01260
0.01143
0.01040
0.01061
0.01158
0.01208
0.01177
0.01148
0.01174
0.01226
0.01262
0.01258
0.01220
0.01202
0.01242
0.01269
0.01188
0.01071
0.01063
0.01102
0.01046
0.00978
0.01014
0.01078
0.01127
0.01199
0.01241
0.01246
0.01267
0.01273
0.01298
0.01367
0.01393
0.01358
0.01317
0.01264
0.01218
0.01220
0.01233
0.01249
0.01290
0.01330
0.01335
0.01263
0.01165
0.01144
0.01150
0.01139
0.01153
0.01143
0.01097
0.01116
0.01186
0.01209
0.01202
0.01244
0.01339
0.01376
0.01258
0.01076
0.00999
0.01016
0.00999
0.00926
0.00873
0.00932
0.01093
0.01236
0.01282
0.01255
0.01225
0.01196
0.01156
0.01143
0.01164
0.01190
0.01250
0.01343
0.01358
0.01260
0.01203
0.01266
0.01311
0.01281
0.01284
0.01328
0.01324
0.01244
0.01153
0.01139
0.01180
0.01162
0.01054
0.00996
0.01061
0.01165
0.01265
0.01348
0.01363
0.01292
0.01190
0.01142
0.01150
0.01139
0.01084
0.01074
0.01148
0.01233
0.01268
0.01236
0.01210
0.01246
0.01245
0.01160
0.01106
0.01158
0.01261
0.01332
0.01315
0.01194
0.01046
0.00987
0.01064
0.01176
0.01191
0.01184
0.01243
0.01287
0.01279
0.01258
0.01242
0.01234
0.01210
0.01186
0.01177
0.01134
0.01076
0.01082
0.01115
0.01079
0.00980
0.00927
0.00986
0.01073
0.01053
0.00978
0.00967
0.00997
0.01028
0.01046
0.01032
0.01018
0.01017
0.01018
0.01041
0.01083
0.01127
0.01167
0.01193
0.01199
0.01205
0.01230
0.01234
0.01194
0.01148
0.01069
0.00988
0.01000
0.01064
0.01080
0.01015
0.00934
0.00933
0.01014
0.01097
0.01108
0.01075
0.01078
0.01118
0.01146
0.01130
0.01073
0.01038
0.01081
0.01177
0.01239
0.01217
0.01176
0.01198
0.01243
0.01245
0.01216
0.01169
0.01090
0.01020
0.01039
0.01131
0.01199
0.01249
0.01298
0.01261
0.01145
0.01071
0.01042
0.00991
0.00939
0.00947
0.00970
0.00911
0.00826
0.00827
0.00900
0.00997
0.01091
0.01131
0.01115
0.01120
0.01149
0.01123
0.01045
0.01032
0.01103
0.01149
0.01136
0.01087
0.01054
0.01089
0.01140
0.01135
0.01079
0.01028
0.01005
0.01028
0.01115
0.01194
0.01178
0.01091
0.01014
0.00973
0.00957
0.00982
0.01041
0.01099
0.01106
0.01068
0.01073
0.01111
0.01105
0.01060
0.01005
0.00949
0.00915
0.00905
0.00918
0.00986
0.01073
0.01108
0.01075
0.00997
0.00950
0.00963
0.00989
0.00995
0.00990
0.00995
0.01018
0.01027
0.01044
0.01101
0.01139
0.01143
0.01109
0.00993
0.00872
0.00854
0.00898
0.00931
0.00937
0.00953
0.01023
0.01072
0.01021
0.00928
0.00876
0.00878
0.00926
0.01024
0.01114
0.01141
0.01148
0.01154
0.01118
0.01034
0.00990
0.01057
0.01152
0.01168
0.01103
0.00994
0.00890
0.00845
0.00907
0.00994
0.00995
0.00960
0.00947
0.00937
0.00944
0.00979
0.01020
0.01051
0.01052
0.01027
0.01011
0.00972
0.00914
0.00905
0.00924
0.00965
0.01014
0.00981
0.00896
0.00835
0.00816
0.00853
0.00907
0.00932
0.00957
0.00971
0.00937
0.00928
0.00964
0.00967
0.00951
0.00973
0.00974
0.00902
0.00827
0.00835
0.00903
0.00934
0.00917
0.00938
0.01010
0.01039
0.00979
0.00872
0.00797
0.00805
0.00874
0.00968
0.01040
0.01037
0.00997
0.01001
0.01007
0.00967
0.00961
0.01021
0.01050
0.01010
0.00955
0.00932
0.00953
0.00999
0.00997
0.00938
0.00908
0.00938
0.00975
0.01001
0.01057
0.01128
0.01120
0.01025
0.00946
0.00956
0.01045
0.01124
0.01104
0.01017
0.00960
0.00942
0.00918
0.00887
0.00865
0.00862
0.00871
0.00876
0.00864
0.00853
0.00851
0.00850
0.00858
0.00879
0.00914
0.00941
0.00938
0.00914
0.00887
0.00871
0.00888
0.00940
0.00976
0.00941
0.00873
0.00847
0.00871
0.00922
0.00992
0.01041
0.01032
0.00994
0.00957
0.00953
0.01005
0.01051
0.01004
0.00908
0.00874
0.00908
0.00937
0.00937
0.00927
0.00890
0.00838
0.00859
0.00953
0.01039
0.01086
0.01072
0.00998
0.00918
0.00885
0.00893
0.00918
0.00942
0.00944
0.00919
0.00882
0.00885
0.00958
0.01023
0.01003
0.00938
0.00910
0.00915
0.00899
0.00853
0.00835
0.00870
0.00913
0.00925
0.00895
0.00846
0.00847
0.00916
0.00996
0.01024
0.01011
0.01004
0.01003
0.00998
0.00983
0.00951
0.00955
0.01012
0.01047
0.01034
0.01002
0.00959
0.00933
0.00947
0.00959
0.00935
0.00901
0.00901
0.00959
0.01014
0.01006
0.00972
0.00951
0.00937
0.00918
0.00888
0.00855
0.00841
0.00870
0.00902
0.00911
0.00955
0.01031
0.01053
0.01011
0.00986
0.00993
0.01002
0.01003
0.01001
0.00999
0.00968
0.00907
0.00887
0.00928
0.00958
0.00955
0.00958
0.00958
0.00959
0.00964
0.00962
0.00968
0.00962
0.00927
0.00883
0.00855
0.00855
0.00860
0.00856
0.00854
0.00892
0.00973
0.01013
0.00981
0.00934
0.00910
0.00903
0.00898
0.00878
0.00867
0.00925
0.01032
0.01068
0.00981
0.00854
0.00787
0.00839
0.00959
0.01013
0.01003
0.00975
0.00916
0.00856
0.00822
0.00809
0.00850
0.00928
0.00957
0.00899
0.00839
0.00868
0.00931
0.00950
0.00939
0.00908
0.00874
0.00861
0.00873
0.00914
0.00952
0.00950
0.00958
0.01018
0.01058
0.01027
0.00974
0.00948
0.00957
