function [ AbsKoe ] = AbsKoVer5553()
Ak = [0.00842
0.00665
0.00617
0.00734
0.00785
0.00717
0.00693
0.00738
0.00752
0.00729
0.00671
0.00578
0.00535
0.00588
0.00707
0.00824
0.00882
0.00912
0.00920
0.00843
0.00730
0.00665
0.00688
0.00807
0.00918
0.00959
0.00940
0.00813
0.00678
0.00688
0.00788
0.00895
0.00904
0.00769
0.00687
0.00746
0.00823
0.00885
0.00922
0.00903
0.00863
0.00870
0.00945
0.01020
0.00997
0.00880
0.00762
0.00651
0.00515
0.00446
0.00511
0.00610
0.00673
0.00760
0.00903
0.01056
0.01105
0.00985
0.00799
0.00691
0.00722
0.00826
0.00896
0.00941
0.01003
0.01035
0.00952
0.00792
0.00701
0.00695
0.00719
0.00796
0.00862
0.00857
0.00854
0.00870
0.00821
0.00644
0.00494
0.00527
0.00615
0.00694
0.00783
0.00770
0.00684
0.00670
0.00750
0.00855
0.00902
0.00876
0.00848
0.00872
0.00926
0.00919
0.00818
0.00708
0.00700
0.00767
0.00771
0.00707
0.00659
0.00644
0.00673
0.00711
0.00736
0.00819
0.00924
0.00910
0.00788
0.00686
0.00653
0.00688
0.00740
0.00745
0.00794
0.00912
0.00972
0.00946
0.00845
0.00744
0.00838
0.01066
0.01093
0.00886
0.00734
0.00711
0.00688
0.00721
0.00870
0.01041
0.01208
0.01335
0.01332
0.01201
0.01106
0.01143
0.01095
0.00892
0.00789
0.00848
0.00880
0.00840
0.00800
0.00778
0.00776
0.00792
0.00796
0.00784
0.00812
0.00932
0.01037
0.00944
0.00681
0.00545
0.00701
0.00903
0.00877
0.00769
0.00806
0.00876
0.00849
0.00867
0.00995
0.01057
0.01028
0.00997
0.00908
0.00830
0.00881
0.00954
0.00949
0.00901
0.00837
0.00807
0.00874
0.00927
0.00889
0.00858
0.00885
0.00945
0.00946
0.00908
0.00958
0.01013
0.01027
0.01075
0.01088
0.01038
0.01030
0.01042
0.00982
0.00903
0.00906
0.00987
0.01068
0.01103
0.01085
0.01029
0.00996
0.01031
0.01096
0.01105
0.01036
0.00946
0.00862
0.00789
0.00756
0.00789
0.00877
0.00949
0.00925
0.00838
0.00841
0.00950
0.01022
0.01027
0.01016
0.01007
0.01002
0.01007
0.01011
0.01014
0.00990
0.00873
0.00735
0.00749
0.00910
0.01023
0.01005
0.00936
0.00895
0.00944
0.01034
0.01071
0.01049
0.00971
0.00886
0.00826
0.00734
0.00701
0.00857
0.01036
0.01024
0.00917
0.00955
0.01107
0.01114
0.00951
0.00803
0.00713
0.00680
0.00777
0.00938
0.00999
0.00954
0.00945
0.01038
0.01135
0.01133
0.01037
0.00921
0.00853
0.00826
0.00838
0.00931
0.01037
0.00989
0.00804
0.00701
0.00773
0.00867
0.00853
0.00757
0.00693
0.00763
0.00889
0.00930
0.00914
0.00903
0.00911
0.00949
0.00983
0.00999
0.01030
0.01074
0.01120
0.01174
0.01186
0.01133
0.01096
0.01084
0.01023
0.00938
0.00892
0.00859
0.00861
0.00979
0.01109
0.01128
0.01081
0.01007
0.00933
0.00883
0.00831
0.00845
0.00960
0.01065
0.01098
0.01049
0.00964
0.00962
0.01032
0.01075
0.01128
0.01207
0.01207
0.01128
0.01030
0.00877
0.00728
0.00724
0.00838
0.00977
0.01120
0.01229
0.01256
0.01183
0.01079
0.01051
0.01062
0.01011
0.00909
0.00828
0.00816
0.00877
0.00926
0.00892
0.00870
0.00942
0.01061
0.01099
0.01044
0.01014
0.00988
0.00958
0.01018
0.01119
0.01147
0.01055
0.00929
0.00917
0.00977
0.01015
0.01035
0.01033
0.00983
0.00886
0.00836
0.00920
0.01021
0.00995
0.00917
0.00912
0.00976
0.01025
0.01017
0.00998
0.00992
0.00981
0.00940
0.00861
0.00796
0.00807
0.00881
0.00943
0.00948
0.00925
0.00920
0.00964
0.01003
0.00958
0.00962
0.01085
0.01122
0.01030
0.00974
0.01029
0.01156
0.01227
0.01191
0.01153
0.01133
0.01082
0.01017
0.00975
0.00979
0.01007
0.01015
0.00996
0.00993
0.01038
0.01050
0.00989
0.00993
0.01085
0.01090
0.00957
0.00837
0.00822
0.00858
0.00850
0.00775
0.00724
0.00751
0.00812
0.00882
0.00947
0.00985
0.00987
0.00954
0.00915
0.00876
0.00797
0.00725
0.00779
0.00882
0.00867
0.00811
0.00857
0.00927
0.00901
0.00806
0.00724
0.00712
0.00817
0.00982
0.01071
0.01066
0.01010
0.00903
0.00793
0.00749
0.00815
0.00943
0.00997
0.00952
0.00897
0.00903
0.00914
0.00844
0.00761
0.00754
0.00798
0.00823
0.00803
0.00741
0.00687
0.00738
0.00849
0.00876
0.00851
0.00891
0.00957
0.00943
0.00870
0.00802
0.00760
0.00777
0.00847
0.00908
0.00960
0.01022
0.01062
0.01080
0.01055
0.00958
0.00885
0.00908
0.00926
0.00907
0.00905
0.00886
0.00843
0.00817
0.00795
0.00777
0.00789
0.00848
0.00923
0.00928
0.00887
0.00909
0.00931
0.00853
0.00764
0.00754
0.00802
0.00868
0.00929
0.00974
0.00989
0.00940
0.00841
0.00777
0.00767
0.00764
0.00782
0.00847
0.00880
0.00785
0.00644
0.00615
0.00715
0.00859
0.00915
0.00854
0.00808
0.00861
0.00968
0.01010
0.00972
0.00969
0.00985
0.00961
0.00905
0.00816
0.00772
0.00833
0.00910
0.00947
0.00953
0.00885
0.00778
0.00753
0.00802
0.00820
0.00791
0.00783
0.00814
0.00826
0.00821
0.00844
0.00897
0.00927
0.00888
0.00787
0.00706
0.00719
0.00790
0.00865
0.00891
0.00837
0.00806
0.00876
0.00957
0.00965
0.00932
0.00921
0.00918
0.00872
0.00795
0.00775
0.00823
0.00852
0.00841
0.00810
0.00778
0.00791
0.00855
0.00908
0.00910
0.00870
0.00837
0.00853
0.00869
0.00844
0.00825
0.00834
0.00837
0.00818
0.00791
0.00789
0.00814
0.00805
0.00756
0.00769
0.00862
0.00921
0.00918
0.00914
0.00920
0.00898
0.00844
0.00794
0.00779
0.00813
0.00860
0.00878
0.00888
0.00923
0.00929
0.00868
0.00808
0.00768
0.00708
0.00670
0.00699
0.00784
0.00866
0.00850
0.00750
0.00681
0.00685
0.00744
0.00820
0.00884
0.00939
0.00932
0.00849
0.00785
0.00751
0.00715
0.00718
0.00755
0.00766
0.00747
0.00742
0.00778
0.00789
0.00732
0.00696
0.00730
0.00791
0.00838
0.00861
0.00880
0.00904
0.00898
0.00853
0.00828
0.00826
0.00829
0.00882
0.00947
0.00941
0.00930
0.00954
0.00911
0.00787
0.00698
0.00675
0.00675
0.00695
0.00691
0.00655
0.00670
0.00734
0.00772
0.00783
0.00820
0.00883
0.00899
0.00844
0.00788
0.00770
0.00770
0.00773
0.00776
0.00754
0.00714
0.00726
0.00758
0.00714
0.00665
0.00707
0.00784
0.00839
0.00861
0.00834
0.00767
0.00703
0.00688
0.00682
0.00661
0.00698
0.00781
0.00807
0.00795
0.00806
0.00796
0.00764
0.00797
0.00862
0.00865
0.00854
0.00862
0.00815
0.00720
0.00654
0.00656
0.00709
0.00775
0.00804
0.00763
0.00714
0.00725
0.00755
0.00781
0.00820
0.00815
0.00750
0.00712
0.00731
0.00758
0.00762
0.00752
0.00759
0.00776
0.00778
0.00778
0.00794
0.00818
0.00848
0.00861
0.00811
0.00715
0.00637
0.00652
0.00787
0.00917
0.00927
0.00867
0.00838
0.00856
0.00880
0.00867
0.00804
0.00751
0.00762
0.00806
0.00825
0.00794
0.00745
0.00723
0.00729
0.00745
0.00754
0.00735
0.00696
0.00678
0.00699
0.00747
0.00791
0.00805
0.00793
0.00783
0.00787
0.00768
0.00712
0.00658
0.00675
0.00754
0.00804
0.00812
0.00817
0.00830
0.00855
0.00854
0.00813
0.00814
0.00890
0.00936
0.00870
0.00736
0.00651
0.00685
0.00782
0.00831
0.00808
0.00749
0.00702
0.00711
0.00734
0.00715
0.00697
0.00729
0.00777
0.00794
0.00770
0.00726
0.00699
0.00707
0.00737
0.00784
0.00808
0.00755
0.00680
0.00696
0.00782
0.00817
0.00785
0.00780
0.00807
0.00801
0.00765
0.00727
0.00696
0.00685
0.00688
0.00697
0.00732
0.00759
0.00745
0.00715
0.00667
0.00618
0.00612
0.00637
0.00659
0.00666
0.00679
0.00713
0.00750
0.00761
0.00747
0.00735
0.00719
0.00722
0.00763
0.00787
0.00750
0.00708
0.00718
0.00785
0.00866
0.00906
0.00882
0.00806
0.00746
0.00763
0.00801
0.00795
0.00761
0.00732
0.00734
0.00738
0.00713
0.00699
0.00710
0.00714
0.00726
0.00747
0.00741
0.00726
0.00707
0.00678
0.00705
0.00785
0.00828
0.00830
0.00811
0.00780
0.00778
0.00774
0.00719
0.00681
0.00698
0.00718
0.00715
0.00710
0.00725
0.00749
0.00782
0.00826
0.00845
0.00848
0.00865
0.00865
0.00812
0.00736
0.00712
0.00743
0.00754
0.00713
