function [ AbsKoe ] = AbsKoVer5421()
Ak = [0.05344
0.05296
0.05355
0.05356
0.05322
0.05390
0.05425
0.05294
0.05142
0.05060
0.04967
0.04888
0.04947
0.05118
0.05216
0.05159
0.05102
0.05170
0.05294
0.05418
0.05449
0.05312
0.05164
0.05162
0.05240
0.05277
0.05258
0.05237
0.05234
0.05260
0.05328
0.05397
0.05422
0.05413
0.05341
0.05234
0.05182
0.05120
0.05037
0.05049
0.05130
0.05228
0.05340
0.05357
0.05242
0.05163
0.05220
0.05326
0.05377
0.05318
0.05177
0.05102
0.05134
0.05155
0.05194
0.05327
0.05433
0.05411
0.05307
0.05265
0.05386
0.05492
0.05405
0.05288
0.05277
0.05328
0.05390
0.05427
0.05450
0.05434
0.05364
0.05297
0.05207
0.05138
0.05172
0.05152
0.05005
0.04998
0.05201
0.05343
0.05331
0.05248
0.05158
0.05150
0.05284
0.05442
0.05457
0.05373
0.05311
0.05300
0.05330
0.05361
0.05326
0.05206
0.05128
0.05160
0.05198
0.05176
0.05098
0.05032
0.05084
0.05242
0.05409
0.05507
0.05508
0.05412
0.05280
0.05226
0.05272
0.05313
0.05287
0.05271
0.05347
0.05428
0.05428
0.05432
0.05452
0.05367
0.05229
0.05204
0.05281
0.05326
0.05299
0.05229
0.05119
0.04997
0.04974
0.05119
0.05246
0.05224
0.05175
0.05185
0.05269
0.05338
0.05282
0.05179
0.05150
0.05202
0.05262
0.05300
0.05331
0.05336
0.05363
0.05392
0.05336
0.05255
0.05238
0.05281
0.05327
0.05294
0.05142
0.04937
0.04831
0.04869
0.05014
0.05204
0.05299
0.05286
0.05281
0.05349
0.05463
0.05446
0.05258
0.05086
0.05039
0.05063
0.05074
0.05057
0.05060
0.05127
0.05205
0.05247
0.05246
0.05186
0.05148
0.05210
0.05306
0.05354
0.05332
0.05325
0.05340
0.05310
0.05308
0.05361
0.05347
0.05258
0.05193
0.05186
0.05227
0.05283
0.05273
0.05198
0.05189
0.05323
0.05491
0.05464
0.05204
0.05031
0.05155
0.05266
0.05091
0.04911
0.04913
0.04944
0.04978
0.05073
0.05142
0.05160
0.05187
0.05147
0.04987
0.04821
0.04839
0.05077
0.05272
0.05226
0.05091
0.05098
0.05212
0.05282
0.05292
0.05275
0.05239
0.05215
0.05159
0.05022
0.04933
0.04984
0.05080
0.05136
0.05176
0.05239
0.05303
0.05304
0.05162
0.04955
0.04917
0.05020
0.05024
0.04914
0.04868
0.04945
0.05010
0.05000
0.05009
0.05031
0.04964
0.04838
0.04786
0.04839
0.04900
0.04911
0.04935
0.05027
0.05085
0.05047
0.05036
0.05063
0.05050
0.05068
0.05160
0.05224
0.05197
0.05156
0.05177
0.05203
0.05168
0.05097
0.05016
0.04978
0.04988
0.04933
0.04799
0.04740
0.04815
0.04922
0.05027
0.05127
0.05152
0.05129
0.05118
0.05084
0.04999
0.04921
0.04873
0.04839
0.04885
0.05013
0.05042
0.04897
0.04785
0.04918
0.05167
0.05170
0.04933
0.04874
0.05024
0.05080
0.05009
0.04934
0.04941
0.04997
0.04970
0.04871
0.04831
0.04849
0.04825
0.04799
0.04890
0.05102
0.05279
0.05248
0.05079
0.04979
0.04991
0.05012
0.04962
0.04835
0.04674
0.04562
0.04566
0.04687
0.04853
0.04946
0.04937
0.04939
0.05035
0.05118
0.05087
0.05035
0.04990
0.04874
0.04682
0.04511
0.04533
0.04698
0.04774
0.04744
0.04732
0.04724
0.04703
0.04719
0.04755
0.04775
0.04841
0.04956
0.04974
0.04870
0.04832
0.04936
0.05030
0.04986
0.04903
0.04867
0.04878
0.04929
0.04940
0.04892
0.04850
0.04809
0.04786
0.04790
0.04811
0.04876
0.04947
0.04981
0.05005
0.05020
0.05009
0.04986
0.04936
0.04858
0.04832
0.04875
0.04895
0.04836
0.04724
0.04641
0.04629
0.04663
0.04759
0.04908
0.04980
0.04906
0.04768
0.04704
0.04769
0.04817
0.04747
0.04686
0.04711
0.04771
0.04863
0.04963
0.05011
0.04998
0.04905
0.04765
0.04682
0.04668
0.04689
0.04741
0.04799
0.04847
0.04879
0.04879
0.04838
0.04793
0.04772
0.04738
0.04673
0.04651
0.04745
0.04813
0.04714
0.04593
0.04589
0.04679
0.04786
0.04817
0.04784
0.04755
0.04727
0.04710
0.04712
0.04708
0.04699
0.04716
0.04783
0.04862
0.04850
0.04738
0.04638
0.04610
0.04621
0.04659
0.04710
0.04721
0.04696
0.04690
0.04724
0.04767
0.04806
0.04825
0.04777
0.04708
0.04726
0.04808
0.04847
0.04839
0.04838
0.04809
0.04733
0.04707
0.04771
0.04816
0.04783
0.04708
0.04601
0.04467
0.04374
0.04389
0.04476
0.04548
0.04598
0.04640
0.04646
0.04611
0.04580
0.04577
0.04562
0.04528
0.04526
0.04539
0.04518
0.04495
0.04533
0.04633
0.04731
0.04759
0.04729
0.04738
0.04783
0.04769
0.04730
0.04748
0.04760
0.04705
0.04665
0.04675
0.04690
0.04701
0.04712
0.04703
0.04666
0.04620
0.04562
0.04539
0.04595
0.04656
0.04687
0.04699
0.04655
0.04576
0.04553
0.04590
0.04570
0.04483
0.04473
0.04556
0.04584
0.04518
0.04463
0.04464
0.04489
0.04493
0.04505
0.04562
0.04587
0.04539
0.04472
0.04456
0.04555
0.04692
0.04725
0.04687
0.04694
0.04739
0.04745
0.04713
0.04651
0.04546
0.04462
0.04466
0.04519
0.04549
0.04519
0.04445
0.04412
0.04439
0.04457
0.04467
0.04485
0.04459
0.04393
0.04357
0.04344
0.04349
0.04425
0.04519
0.04544
0.04491
0.04410
0.04397
0.04438
0.04420
0.04344
0.04297
0.04283
0.04268
0.04274
0.04340
0.04448
0.04485
0.04413
0.04365
0.04390
0.04419
0.04464
0.04522
0.04514
0.04459
0.04463
0.04531
0.04549
0.04484
0.04425
0.04418
0.04416
0.04394
0.04361
0.04342
0.04391
0.04455
0.04452
0.04428
0.04426
0.04410
0.04371
0.04359
0.04379
0.04393
0.04385
0.04331
0.04264
0.04260
0.04285
0.04293
0.04306
0.04363
0.04458
0.04517
0.04496
0.04430
0.04393
0.04390
0.04365
0.04359
0.04443
0.04550
0.04573
0.04500
0.04411
0.04382
0.04366
0.04296
0.04237
0.04259
0.04308
0.04328
0.04345
0.04367
0.04391
0.04428
0.04439
0.04436
0.04484
0.04505
0.04420
0.04361
0.04422
0.04455
0.04360
0.04257
0.04268
0.04343
0.04359
0.04333
0.04338
0.04352
0.04354
0.04375
0.04382
0.04342
0.04314
0.04344
0.04376
0.04370
0.04367
0.04386
0.04380
0.04351
0.04328
0.04295
0.04268
0.04314
0.04404
0.04438
0.04419
0.04390
0.04339
0.04279
0.04244
0.04269
0.04344
0.04369
0.04308
0.04268
0.04325
0.04435
0.04493
0.04424
0.04272
0.04185
0.04216
0.04258
0.04260
0.04268
0.04292
0.04311
0.04319
0.04315
0.04323
0.04375
0.04419
0.04405
0.04365
0.04334
0.04318
0.04307
0.04285
0.04283
0.04317
0.04327
0.04282
0.04267
0.04328
0.04390
0.04391
0.04373
0.04394
0.04418
0.04380
0.04286
0.04200
0.04192
0.04280
0.04384
0.04417
0.04387
0.04348
0.04317
0.04283
0.04252
0.04236
0.04221
0.04219
0.04248
0.04272
0.04279
0.04270
0.04237
0.04227
0.04281
0.04344
0.04357
0.04335
0.04295
0.04234
0.04174
0.04177
0.04234
0.04276
0.04293
0.04314
0.04313
0.04287
0.04273
0.04241
0.04172
0.04148
0.04218
0.04317
0.04334
0.04270
0.04218
0.04197
0.04183
0.04191
0.04210
0.04208
0.04195
0.04180
0.04170
0.04190
0.04204
0.04204
0.04246
0.04293
0.04281
0.04262
0.04247
0.04213
0.04200
0.04234
0.04271
0.04268
0.04233
0.04195
0.04152
0.04124
0.04151
0.04229
0.04309
0.04316
0.04261
0.04224
0.04217
0.04230
0.04246
0.04228
0.04187
0.04185
0.04220
0.04221
0.04183
0.04171
0.04222
0.04305
0.04354
0.04336
0.04281
0.04240
0.04224
0.04186
0.04135
0.04127
0.04152
0.04173
0.04169
0.04139
0.04144
0.04202
0.04247
0.04287
0.04344
0.04348
0.04283
0.04234
0.04249
0.04270
0.04215
0.04116
0.04082
0.04134
0.04191
0.04226
0.04254
0.04227
0.04139
0.04108
0.04168
0.04208
0.04197
0.04212
0.04243
0.04230
0.04200
0.04198
0.04218
0.04227
0.04216
0.04215
0.04233
0.04261
0.04271
0.04225
0.04156
0.04097
0.04065
0.04107
0.04193
0.04246
0.04249
0.04213
0.04174
0.04178
0.04181
0.04120
0.04050
0.04062
0.04149
0.04226
0.04247
0.04229
0.04183
0.04148
0.04173
0.04208
0.04180
0.04145
0.04191
0.04248
0.04218
0.04159
0.04130
0.04103
0.04066
0.04039
0.04061
0.04124
0.04157
0.04165
0.04184
0.04183
0.04168
0.04162
0.04124
0.04059
0.04034
0.04056
0.04078
0.04061
0.04025
