function [ AbsKoe ] = AbsKoVer5442()
Ak = [0.05353
0.05528
0.05638
0.05531
0.05480
0.05616
0.05670
0.05513
0.05333
0.05198
0.05105
0.05189
0.05460
0.05730
0.05802
0.05703
0.05668
0.05787
0.05927
0.05945
0.05863
0.05768
0.05638
0.05502
0.05472
0.05541
0.05603
0.05573
0.05504
0.05508
0.05603
0.05730
0.05795
0.05700
0.05482
0.05276
0.05186
0.05274
0.05462
0.05578
0.05592
0.05560
0.05519
0.05510
0.05523
0.05487
0.05438
0.05525
0.05680
0.05706
0.05688
0.05716
0.05690
0.05661
0.05681
0.05612
0.05487
0.05552
0.05783
0.05892
0.05837
0.05787
0.05759
0.05680
0.05608
0.05671
0.05797
0.05787
0.05658
0.05594
0.05663
0.05718
0.05665
0.05578
0.05490
0.05431
0.05415
0.05378
0.05378
0.05507
0.05620
0.05531
0.05295
0.05130
0.05158
0.05323
0.05482
0.05526
0.05557
0.05686
0.05813
0.05837
0.05767
0.05683
0.05679
0.05764
0.05829
0.05740
0.05527
0.05395
0.05462
0.05584
0.05583
0.05559
0.05621
0.05686
0.05773
0.05937
0.06061
0.06057
0.05960
0.05806
0.05671
0.05608
0.05564
0.05519
0.05463
0.05385
0.05403
0.05504
0.05493
0.05435
0.05478
0.05523
0.05481
0.05377
0.05313
0.05367
0.05436
0.05436
0.05447
0.05516
0.05604
0.05665
0.05693
0.05698
0.05675
0.05639
0.05616
0.05635
0.05686
0.05686
0.05654
0.05683
0.05673
0.05572
0.05523
0.05533
0.05492
0.05387
0.05282
0.05258
0.05291
0.05263
0.05208
0.05271
0.05424
0.05506
0.05546
0.05641
0.05655
0.05486
0.05336
0.05376
0.05516
0.05577
0.05523
0.05411
0.05376
0.05526
0.05709
0.05739
0.05640
0.05520
0.05494
0.05617
0.05808
0.05870
0.05772
0.05749
0.05835
0.05815
0.05661
0.05559
0.05556
0.05581
0.05655
0.05739
0.05705
0.05567
0.05434
0.05333
0.05294
0.05406
0.05606
0.05697
0.05644
0.05604
0.05671
0.05696
0.05525
0.05281
0.05114
0.05029
0.05066
0.05220
0.05268
0.05191
0.05198
0.05187
0.05080
0.05088
0.05266
0.05432
0.05499
0.05528
0.05623
0.05761
0.05796
0.05724
0.05686
0.05666
0.05574
0.05513
0.05607
0.05724
0.05681
0.05498
0.05323
0.05226
0.05213
0.05315
0.05455
0.05507
0.05509
0.05558
0.05654
0.05680
0.05569
0.05468
0.05492
0.05529
0.05492
0.05477
0.05525
0.05497
0.05324
0.05108
0.04971
0.04934
0.04964
0.05085
0.05257
0.05367
0.05453
0.05560
0.05610
0.05625
0.05619
0.05535
0.05474
0.05511
0.05505
0.05422
0.05416
0.05492
0.05488
0.05316
0.05113
0.05111
0.05232
0.05238
0.05162
0.05186
0.05380
0.05653
0.05824
0.05726
0.05440
0.05229
0.05192
0.05261
0.05329
0.05312
0.05295
0.05413
0.05585
0.05650
0.05593
0.05443
0.05229
0.05062
0.05045
0.05144
0.05222
0.05233
0.05258
0.05324
0.05392
0.05433
0.05452
0.05454
0.05421
0.05395
0.05443
0.05494
0.05412
0.05243
0.05167
0.05231
0.05386
0.05526
0.05507
0.05368
0.05274
0.05280
0.05329
0.05328
0.05279
0.05291
0.05390
0.05489
0.05495
0.05404
0.05320
0.05354
0.05470
0.05548
0.05551
0.05501
0.05437
0.05354
0.05183
0.05016
0.05010
0.05068
0.05035
0.05002
0.05091
0.05214
0.05307
0.05410
0.05437
0.05363
0.05343
0.05397
0.05435
0.05447
0.05498
0.05594
0.05615
0.05512
0.05418
0.05386
0.05342
0.05260
0.05208
0.05222
0.05258
0.05251
0.05232
0.05259
0.05292
0.05303
0.05295
0.05285
0.05295
0.05267
0.05227
0.05275
0.05375
0.05470
0.05513
0.05406
0.05200
0.05061
0.05053
0.05101
0.05098
0.05007
0.04930
0.04955
0.05042
0.05155
0.05256
0.05310
0.05341
0.05319
0.05241
0.05192
0.05198
0.05189
0.05182
0.05282
0.05418
0.05423
0.05330
0.05277
0.05269
0.05254
0.05250
0.05271
0.05255
0.05185
0.05142
0.05147
0.05142
0.05147
0.05187
0.05228
0.05279
0.05321
0.05241
0.05051
0.04928
0.04959
0.05091
0.05245
0.05318
0.05273
0.05212
0.05187
0.05112
0.04961
0.04880
0.04947
0.05078
0.05185
0.05233
0.05202
0.05112
0.05074
0.05151
0.05258
0.05314
0.05327
0.05281
0.05160
0.05065
0.05056
0.05060
0.05067
0.05101
0.05107
0.05076
0.05074
0.05109
0.05168
0.05263
0.05315
0.05267
0.05192
0.05126
0.05088
0.05106
0.05104
0.05045
0.04994
0.04940
0.04877
0.04879
0.04971
0.05122
0.05224
0.05165
0.04997
0.04864
0.04855
0.04945
0.05043
0.05080
0.05069
0.05068
0.05055
0.04987
0.04911
0.04896
0.04960
0.05047
0.05059
0.04980
0.04928
0.04963
0.05003
0.05010
0.05035
0.05055
0.05036
0.05020
0.05042
0.05101
0.05170
0.05161
0.05036
0.04899
0.04861
0.04899
0.04925
0.04938
0.04966
0.04994
0.05027
0.05087
0.05120
0.05077
0.05002
0.04949
0.04912
0.04846
0.04752
0.04696
0.04695
0.04742
0.04838
0.04928
0.04975
0.04976
0.04925
0.04872
0.04873
0.04918
0.04967
0.04986
0.04957
0.04890
0.04811
0.04727
0.04684
0.04717
0.04783
0.04859
0.04917
0.04896
0.04858
0.04887
0.04915
0.04917
0.04964
0.05024
0.05010
0.04940
0.04887
0.04853
0.04801
0.04770
0.04806
0.04896
0.04967
0.04939
0.04879
0.04868
0.04877
0.04899
0.04934
0.04915
0.04820
0.04729
0.04705
0.04752
0.04844
0.04911
0.04934
0.04961
0.04968
0.04916
0.04867
0.04869
0.04867
0.04854
0.04888
0.04935
0.04911
0.04811
0.04710
0.04687
0.04786
0.04917
0.04932
0.04855
0.04812
0.04856
0.04948
0.04985
0.04935
0.04859
0.04804
0.04789
0.04807
0.04829
0.04832
0.04806
0.04772
0.04751
0.04738
0.04714
0.04682
0.04689
0.04754
0.04819
0.04841
0.04856
0.04843
0.04784
0.04794
0.04887
0.04888
0.04766
0.04675
0.04684
0.04725
0.04757
0.04781
0.04789
0.04800
0.04842
0.04854
0.04777
0.04698
0.04707
0.04764
0.04770
0.04693
0.04623
0.04625
0.04658
0.04665
0.04629
0.04616
0.04667
0.04693
0.04639
0.04604
0.04634
0.04664
0.04672
0.04651
0.04595
0.04560
0.04566
0.04564
0.04544
0.04560
0.04610
0.04625
0.04628
0.04678
0.04710
0.04693
0.04683
0.04672
0.04669
0.04714
0.04746
0.04723
0.04680
0.04608
0.04528
0.04552
0.04662
0.04707
0.04684
0.04682
0.04694
0.04672
0.04627
0.04616
0.04633
0.04630
0.04627
0.04649
0.04665
0.04675
0.04707
0.04721
0.04676
0.04619
0.04578
0.04557
0.04619
0.04725
0.04731
0.04654
0.04601
0.04583
0.04589
0.04613
0.04594
0.04550
0.04580
0.04655
0.04671
0.04650
0.04668
0.04700
0.04671
0.04596
0.04553
0.04572
0.04622
0.04665
0.04694
0.04690
0.04626
0.04546
0.04545
0.04624
0.04682
0.04673
0.04633
0.04592
0.04578
0.04589
0.04579
0.04523
0.04462
0.04441
0.04440
0.04445
0.04492
0.04559
0.04559
0.04517
0.04497
0.04507
0.04563
0.04610
0.04596
0.04613
0.04675
0.04668
0.04607
0.04590
0.04602
0.04593
0.04589
0.04613
0.04652
0.04671
0.04638
0.04576
0.04530
0.04519
0.04544
0.04574
0.04549
0.04463
0.04405
0.04446
0.04539
0.04599
0.04616
0.04596
0.04534
0.04489
0.04498
0.04501
0.04497
0.04532
0.04566
0.04561
0.04544
0.04519
0.04482
0.04468
0.04505
0.04533
0.04506
0.04485
0.04527
0.04621
0.04689
0.04689
0.04649
0.04582
0.04534
0.04558
0.04580
0.04544
0.04506
0.04482
0.04453
0.04454
0.04514
0.04584
0.04597
0.04558
0.04508
0.04466
0.04455
0.04498
0.04577
0.04613
0.04574
0.04538
0.04535
0.04499
0.04426
0.04399
0.04436
0.04482
0.04510
0.04502
0.04455
0.04431
0.04496
0.04575
0.04549
0.04472
0.04466
0.04490
0.04472
0.04447
0.04435
0.04422
0.04416
0.04403
0.04390
0.04421
0.04461
0.04443
0.04413
0.04421
0.04431
0.04416
0.04409
0.04421
0.04424
0.04412
0.04431
0.04513
0.04599
0.04595
0.04539
0.04518
0.04499
0.04443
0.04415
0.04455
0.04489
0.04464
0.04426
0.04403
0.04394
0.04407
0.04401
0.04353
0.04315
0.04332
0.04395
0.04427
0.04380
0.04324
0.04325
0.04359
0.04386
0.04402
0.04409
0.04382
0.04332
0.04324
0.04387
0.04439
0.04405
0.04336
0.04311
0.04320
0.04320
0.04317
0.04327
0.04353
0.04392
0.04392
0.04337
0.04281
0.04269
0.04293
0.04304
0.04283
0.04256
0.04235
0.04231
0.04254
0.04296
0.04339
