function [ AbsKoe ] = AbsKoVer5443()
Ak = [0.03227
0.03227
0.03212
0.03260
0.03421
0.03525
0.03456
0.03310
0.03182
0.03081
0.03043
0.03105
0.03200
0.03305
0.03408
0.03456
0.03496
0.03582
0.03648
0.03595
0.03455
0.03362
0.03319
0.03262
0.03266
0.03355
0.03363
0.03218
0.03128
0.03204
0.03290
0.03338
0.03446
0.03548
0.03477
0.03260
0.03116
0.03125
0.03165
0.03176
0.03199
0.03225
0.03236
0.03274
0.03352
0.03447
0.03504
0.03464
0.03336
0.03176
0.03152
0.03308
0.03402
0.03375
0.03338
0.03273
0.03216
0.03257
0.03377
0.03504
0.03599
0.03660
0.03689
0.03673
0.03656
0.03678
0.03666
0.03567
0.03421
0.03316
0.03359
0.03504
0.03569
0.03489
0.03305
0.03119
0.03083
0.03210
0.03352
0.03434
0.03454
0.03385
0.03211
0.03033
0.03058
0.03313
0.03542
0.03568
0.03541
0.03597
0.03637
0.03571
0.03433
0.03327
0.03336
0.03474
0.03635
0.03606
0.03340
0.03087
0.03081
0.03264
0.03385
0.03390
0.03409
0.03480
0.03588
0.03672
0.03662
0.03575
0.03430
0.03299
0.03294
0.03368
0.03430
0.03485
0.03488
0.03414
0.03397
0.03473
0.03493
0.03472
0.03489
0.03420
0.03244
0.03114
0.03130
0.03260
0.03326
0.03294
0.03343
0.03492
0.03613
0.03675
0.03715
0.03666
0.03489
0.03357
0.03415
0.03605
0.03790
0.03861
0.03769
0.03591
0.03453
0.03391
0.03467
0.03717
0.03853
0.03599
0.03213
0.03063
0.03118
0.03134
0.03127
0.03274
0.03475
0.03541
0.03555
0.03655
0.03702
0.03469
0.03187
0.03235
0.03451
0.03400
0.03170
0.03098
0.03238
0.03466
0.03631
0.03632
0.03512
0.03415
0.03468
0.03669
0.03903
0.03918
0.03632
0.03452
0.03579
0.03684
0.03568
0.03481
0.03552
0.03645
0.03704
0.03730
0.03677
0.03505
0.03291
0.03209
0.03289
0.03427
0.03529
0.03521
0.03432
0.03443
0.03646
0.03755
0.03563
0.03341
0.03231
0.03151
0.03158
0.03278
0.03325
0.03230
0.03172
0.03218
0.03307
0.03401
0.03386
0.03249
0.03217
0.03347
0.03506
0.03624
0.03665
0.03645
0.03634
0.03612
0.03560
0.03539
0.03544
0.03527
0.03467
0.03382
0.03331
0.03319
0.03308
0.03342
0.03446
0.03509
0.03483
0.03474
0.03507
0.03483
0.03400
0.03365
0.03412
0.03458
0.03449
0.03474
0.03570
0.03559
0.03349
0.03086
0.02950
0.02974
0.03051
0.03142
0.03264
0.03382
0.03475
0.03490
0.03422
0.03402
0.03459
0.03500
0.03545
0.03650
0.03684
0.03596
0.03577
0.03558
0.03357
0.03142
0.03042
0.03072
0.03171
0.03188
0.03128
0.03135
0.03331
0.03675
0.03856
0.03608
0.03210
0.03111
0.03305
0.03483
0.03433
0.03222
0.03166
0.03367
0.03577
0.03643
0.03617
0.03475
0.03249
0.03152
0.03235
0.03334
0.03307
0.03231
0.03277
0.03405
0.03458
0.03417
0.03410
0.03492
0.03562
0.03600
0.03652
0.03632
0.03478
0.03297
0.03215
0.03249
0.03343
0.03399
0.03357
0.03256
0.03190
0.03230
0.03334
0.03402
0.03404
0.03406
0.03470
0.03549
0.03548
0.03456
0.03383
0.03414
0.03484
0.03546
0.03621
0.03618
0.03483
0.03327
0.03175
0.03033
0.03019
0.03096
0.03104
0.03092
0.03179
0.03308
0.03450
0.03650
0.03753
0.03653
0.03539
0.03484
0.03411
0.03391
0.03513
0.03686
0.03690
0.03492
0.03314
0.03286
0.03307
0.03261
0.03183
0.03169
0.03242
0.03329
0.03373
0.03389
0.03360
0.03272
0.03206
0.03259
0.03364
0.03359
0.03350
0.03459
0.03561
0.03591
0.03523
0.03279
0.03008
0.02932
0.03015
0.03068
0.02993
0.02860
0.02872
0.03062
0.03227
0.03274
0.03268
0.03275
0.03318
0.03345
0.03320
0.03285
0.03281
0.03276
0.03268
0.03383
0.03634
0.03707
0.03452
0.03213
0.03214
0.03316
0.03351
0.03353
0.03401
0.03439
0.03390
0.03297
0.03249
0.03253
0.03231
0.03181
0.03195
0.03268
0.03311
0.03269
0.03184
0.03187
0.03299
0.03396
0.03357
0.03173
0.03007
0.02984
0.03007
0.02972
0.02934
0.02983
0.03119
0.03254
0.03324
0.03312
0.03236
0.03180
0.03189
0.03210
0.03203
0.03189
0.03177
0.03128
0.03084
0.03119
0.03125
0.03050
0.03021
0.03081
0.03170
0.03257
0.03301
0.03299
0.03305
0.03307
0.03278
0.03223
0.03131
0.03070
0.03110
0.03146
0.03097
0.03031
0.02995
0.03004
0.03045
0.03079
0.03125
0.03186
0.03178
0.03077
0.03007
0.03027
0.03023
0.02955
0.02908
0.02911
0.02962
0.03038
0.03033
0.02941
0.02922
0.03027
0.03129
0.03140
0.03102
0.03081
0.03089
0.03121
0.03143
0.03084
0.02973
0.02923
0.02986
0.03094
0.03151
0.03153
0.03151
0.03112
0.03022
0.02961
0.02934
0.02899
0.02911
0.02977
0.03021
0.03009
0.02968
0.02943
0.02956
0.02988
0.03016
0.03008
0.02949
0.02868
0.02798
0.02750
0.02768
0.02860
0.02963
0.03026
0.03026
0.03002
0.02998
0.03004
0.03024
0.03050
0.03033
0.02976
0.02943
0.02914
0.02816
0.02740
0.02799
0.02926
0.03016
0.03012
0.02909
0.02830
0.02874
0.02976
0.03040
0.03046
0.03007
0.02972
0.02966
0.02935
0.02884
0.02870
0.02864
0.02838
0.02852
0.02876
0.02841
0.02851
0.02958
0.03024
0.02987
0.02937
0.02944
0.02955
0.02922
0.02882
0.02881
0.02907
0.02895
0.02850
0.02842
0.02878
0.02905
0.02899
0.02890
0.02872
0.02832
0.02827
0.02894
0.02940
0.02865
0.02758
0.02742
0.02798
0.02852
0.02874
0.02898
0.02936
0.02946
0.02914
0.02863
0.02809
0.02753
0.02712
0.02722
0.02777
0.02851
0.02900
0.02898
0.02868
0.02811
0.02741
0.02720
0.02753
0.02797
0.02839
0.02875
0.02874
0.02845
0.02804
0.02765
0.02783
0.02825
0.02802
0.02749
0.02727
0.02749
0.02796
0.02812
0.02791
0.02769
0.02770
0.02799
0.02823
0.02812
0.02798
0.02823
0.02852
0.02832
0.02777
0.02732
0.02730
0.02768
0.02787
0.02743
0.02671
0.02608
0.02541
0.02491
0.02534
0.02653
0.02733
0.02737
0.02717
0.02698
0.02689
0.02699
0.02713
0.02697
0.02645
0.02589
0.02564
0.02587
0.02660
0.02742
0.02779
0.02750
0.02689
0.02691
0.02784
0.02853
0.02821
0.02748
0.02682
0.02647
0.02692
0.02784
0.02811
0.02774
0.02760
0.02777
0.02790
0.02782
0.02738
0.02669
0.02620
0.02624
0.02670
0.02711
0.02734
0.02773
0.02801
0.02758
0.02689
0.02650
0.02638
0.02684
0.02756
0.02771
0.02750
0.02736
0.02720
0.02692
0.02652
0.02609
0.02617
0.02697
0.02757
0.02736
0.02687
0.02664
0.02669
0.02677
0.02678
0.02684
0.02684
0.02657
0.02634
0.02661
0.02731
0.02759
0.02702
0.02673
0.02742
0.02807
0.02799
0.02726
0.02646
0.02648
0.02702
0.02702
0.02637
0.02588
0.02610
0.02674
0.02704
0.02679
0.02656
0.02653
0.02617
0.02564
0.02570
0.02648
0.02717
0.02714
0.02692
0.02701
0.02719
0.02727
0.02719
0.02684
0.02650
0.02648
0.02643
0.02605
0.02578
0.02591
0.02589
0.02526
0.02442
0.02430
0.02508
0.02571
0.02547
0.02506
0.02510
0.02530
0.02548
0.02577
0.02598
0.02589
0.02596
0.02620
0.02572
0.02493
0.02504
0.02571
0.02591
0.02580
0.02596
0.02591
0.02550
0.02561
0.02612
0.02637
0.02635
0.02616
0.02612
0.02618
0.02603
0.02596
0.02600
0.02588
0.02583
0.02601
0.02628
0.02622
0.02560
0.02529
0.02582
0.02656
0.02690
0.02657
0.02595
0.02573
0.02570
0.02539
0.02506
0.02515
0.02540
0.02519
0.02489
0.02504
0.02529
0.02536
0.02549
0.02578
0.02602
0.02612
0.02581
0.02506
0.02480
0.02546
0.02599
0.02574
0.02516
0.02482
0.02496
0.02542
0.02566
0.02565
0.02557
0.02524
0.02500
0.02531
0.02576
0.02578
0.02542
0.02526
0.02569
0.02627
0.02635
0.02585
0.02525
0.02488
0.02451
0.02431
0.02497
0.02604
0.02640
0.02611
0.02585
0.02558
0.02498
0.02441
0.02455
0.02509
0.02525
0.02504
0.02484
0.02495
0.02530
0.02534
0.02486
0.02443
0.02430
0.02415
0.02406
0.02417
0.02416
0.02393
0.02373
0.02377
0.02411
0.02453
0.02457
0.02408
0.02362
0.02370
0.02406
0.02415
0.02402
0.02396
0.02383
0.02377
0.02410
0.02434
0.02412
0.02401
0.02411
0.02394
0.02341
0.02316
0.02367
0.02432
0.02442
0.02424
0.02381
0.02302
0.02265
0.02318
0.02378
