function [ AbsKoe ] = AbsKoVer53102()
Ak = [0.04101
0.04001
0.04226
0.04584
0.04787
0.04744
0.04486
0.04177
0.04061
0.04157
0.04240
0.04198
0.04160
0.04220
0.04337
0.04464
0.04542
0.04560
0.04549
0.04429
0.04259
0.04261
0.04377
0.04374
0.04307
0.04350
0.04384
0.04257
0.04160
0.04241
0.04328
0.04376
0.04463
0.04447
0.04252
0.04078
0.04101
0.04283
0.04489
0.04633
0.04704
0.04705
0.04639
0.04586
0.04592
0.04568
0.04545
0.04668
0.04798
0.04672
0.04391
0.04300
0.04478
0.04629
0.04604
0.04568
0.04616
0.04704
0.04770
0.04736
0.04581
0.04466
0.04570
0.04800
0.04896
0.04828
0.04786
0.04831
0.04870
0.04797
0.04629
0.04588
0.04757
0.04901
0.04881
0.04718
0.04430
0.04172
0.04122
0.04266
0.04467
0.04491
0.04367
0.04366
0.04426
0.04397
0.04388
0.04492
0.04605
0.04580
0.04492
0.04535
0.04678
0.04689
0.04556
0.04477
0.04508
0.04552
0.04516
0.04540
0.04740
0.04892
0.04878
0.04822
0.04842
0.04892
0.04854
0.04735
0.04650
0.04716
0.04897
0.05082
0.05191
0.05069
0.04790
0.04719
0.04866
0.04863
0.04681
0.04546
0.04507
0.04631
0.04924
0.05092
0.04976
0.04706
0.04464
0.04604
0.05129
0.05424
0.05326
0.05102
0.04896
0.04781
0.04882
0.05248
0.05441
0.05187
0.04934
0.04924
0.04925
0.04938
0.05043
0.05056
0.04958
0.04882
0.04731
0.04516
0.04565
0.04858
0.04875
0.04604
0.04530
0.04635
0.04669
0.04824
0.05128
0.05247
0.05124
0.04922
0.04854
0.04956
0.04881
0.04659
0.04856
0.05262
0.05129
0.04753
0.04694
0.04797
0.04831
0.04855
0.04832
0.04770
0.04849
0.04899
0.04824
0.05149
0.05620
0.05390
0.04880
0.04887
0.05230
0.05313
0.05154
0.05082
0.05121
0.05048
0.04858
0.04855
0.05000
0.04887
0.04608
0.04627
0.04908
0.05084
0.05080
0.04932
0.04847
0.05163
0.05506
0.05291
0.04803
0.04609
0.04676
0.04677
0.04702
0.04902
0.05038
0.04861
0.04372
0.04038
0.04427
0.05002
0.05035
0.04844
0.04809
0.04915
0.05127
0.05362
0.05436
0.05331
0.05199
0.05143
0.05144
0.05128
0.05116
0.05169
0.05199
0.05125
0.05072
0.05128
0.05146
0.05137
0.05274
0.05401
0.05359
0.05253
0.05173
0.05185
0.05242
0.05251
0.05247
0.05215
0.05176
0.05277
0.05365
0.05146
0.04778
0.04576
0.04567
0.04674
0.04819
0.04952
0.05133
0.05387
0.05540
0.05491
0.05399
0.05344
0.05233
0.05129
0.05095
0.04982
0.04918
0.05338
0.05935
0.05920
0.05470
0.05165
0.05078
0.05050
0.04984
0.04852
0.04767
0.04960
0.05488
0.05848
0.05638
0.05245
0.05093
0.05101
0.05142
0.05263
0.05355
0.05352
0.05320
0.05259
0.05257
0.05320
0.05292
0.05200
0.05143
0.05130
0.05138
0.05147
0.05215
0.05339
0.05411
0.05450
0.05507
0.05470
0.05264
0.05074
0.05142
0.05311
0.05340
0.05373
0.05407
0.05285
0.05186
0.05211
0.05202
0.05139
0.05127
0.05283
0.05491
0.05491
0.05362
0.05297
0.05269
0.05227
0.05148
0.05000
0.04941
0.05080
0.05189
0.05158
0.05225
0.05517
0.05731
0.05626
0.05419
0.05345
0.05364
0.05318
0.05165
0.05091
0.05179
0.05278
0.05295
0.05266
0.05349
0.05524
0.05604
0.05749
0.05956
0.05842
0.05467
0.05311
0.05475
0.05488
0.05269
0.05235
0.05417
0.05524
0.05426
0.05239
0.05164
0.05244
0.05342
0.05298
0.05199
0.05254
0.05408
0.05483
0.05500
0.05548
0.05571
0.05536
0.05445
0.05321
0.05380
0.05604
0.05518
0.05128
0.04974
0.05095
0.05062
0.04911
0.04950
0.05138
0.05265
0.05295
0.05306
0.05375
0.05459
0.05483
0.05492
0.05460
0.05356
0.05276
0.05225
0.05135
0.05181
0.05568
0.05919
0.05853
0.05627
0.05508
0.05554
0.05716
0.05783
0.05650
0.05475
0.05410
0.05447
0.05499
0.05483
0.05415
0.05411
0.05483
0.05552
0.05594
0.05562
0.05437
0.05425
0.05557
0.05550
0.05440
0.05443
0.05461
0.05380
0.05287
0.05312
0.05427
0.05517
0.05587
0.05661
0.05690
0.05674
0.05643
0.05648
0.05743
0.05858
0.05873
0.05779
0.05667
0.05652
0.05744
0.05778
0.05640
0.05496
0.05535
0.05631
0.05665
0.05753
0.05855
0.05855
0.05796
0.05723
0.05660
0.05577
0.05452
0.05428
0.05495
0.05479
0.05381
0.05301
0.05295
0.05387
0.05521
0.05571
0.05528
0.05589
0.05759
0.05763
0.05593
0.05433
0.05317
0.05286
0.05384
0.05509
0.05586
0.05657
0.05732
0.05746
0.05687
0.05582
0.05472
0.05411
0.05430
0.05528
0.05630
0.05656
0.05629
0.05664
0.05746
0.05711
0.05607
0.05618
0.05716
0.05760
0.05736
0.05685
0.05607
0.05513
0.05445
0.05462
0.05550
0.05643
0.05715
0.05718
0.05664
0.05652
0.05681
0.05667
0.05623
0.05597
0.05555
0.05503
0.05501
0.05532
0.05541
0.05549
0.05610
0.05640
0.05579
0.05564
0.05627
0.05685
0.05727
0.05725
0.05657
0.05609
0.05622
0.05647
0.05661
0.05671
0.05679
0.05673
0.05653
0.05650
0.05670
0.05659
0.05607
0.05578
0.05598
0.05641
0.05680
0.05670
0.05573
0.05488
0.05578
0.05754
0.05804
0.05736
0.05662
0.05637
0.05647
0.05637
0.05589
0.05463
0.05292
0.05228
0.05297
0.05385
0.05437
0.05486
0.05559
0.05620
0.05657
0.05679
0.05657
0.05596
0.05551
0.05568
0.05647
0.05693
0.05665
0.05630
0.05598
0.05562
0.05526
0.05483
0.05477
0.05559
0.05677
0.05724
0.05688
0.05671
0.05723
0.05775
0.05735
0.05604
0.05490
0.05461
0.05472
0.05507
0.05564
0.05581
0.05570
0.05561
0.05504
0.05468
0.05560
0.05692
0.05750
0.05721
0.05617
0.05558
0.05614
0.05676
0.05741
0.05806
0.05813
0.05814
0.05771
0.05665
0.05601
0.05605
0.05658
0.05699
0.05686
0.05681
0.05703
0.05692
0.05624
0.05564
0.05519
0.05458
0.05483
0.05602
0.05682
0.05711
0.05688
0.05566
0.05449
0.05450
0.05549
0.05663
0.05708
0.05712
0.05733
0.05730
0.05711
0.05716
0.05717
0.05712
0.05724
0.05737
0.05714
0.05684
0.05716
0.05756
0.05706
0.05614
0.05588
0.05618
0.05612
0.05563
0.05554
0.05655
0.05800
0.05815
0.05685
0.05585
0.05591
0.05606
0.05589
0.05592
0.05646
0.05702
0.05644
0.05556
0.05588
0.05641
0.05648
0.05664
0.05665
0.05613
0.05566
0.05593
0.05680
0.05746
0.05727
0.05659
0.05605
0.05562
0.05520
0.05483
0.05475
0.05535
0.05633
0.05667
0.05623
0.05596
0.05608
0.05659
0.05770
0.05840
0.05809
0.05760
0.05760
0.05787
0.05778
0.05742
0.05743
0.05730
0.05698
0.05738
0.05795
0.05795
0.05764
0.05692
0.05648
0.05688
0.05692
0.05647
0.05649
0.05679
0.05676
0.05653
0.05633
0.05574
0.05520
0.05545
0.05575
0.05573
0.05591
0.05602
0.05578
0.05580
0.05631
0.05655
0.05624
0.05595
0.05600
0.05598
0.05568
0.05562
0.05610
0.05676
0.05716
0.05700
0.05645
0.05605
0.05598
0.05580
0.05557
0.05556
0.05576
0.05623
0.05667
0.05663
0.05625
0.05597
0.05611
0.05629
0.05600
0.05557
0.05553
0.05586
0.05612
0.05646
0.05731
0.05803
0.05817
0.05835
0.05866
0.05850
0.05780
0.05733
0.05729
0.05704
0.05692
0.05748
0.05813
0.05826
0.05790
0.05743
0.05705
0.05653
0.05604
0.05600
0.05634
0.05682
0.05759
0.05857
0.05890
0.05804
0.05670
0.05605
0.05629
0.05669
0.05689
0.05677
0.05633
0.05623
0.05664
0.05662
0.05613
0.05621
0.05676
0.05685
0.05647
0.05633
0.05652
0.05655
0.05620
0.05612
0.05665
0.05703
0.05682
0.05597
0.05473
0.05426
0.05522
0.05679
0.05800
0.05831
0.05790
0.05740
0.05702
0.05649
0.05589
0.05549
0.05533
0.05531
0.05529
0.05543
0.05593
0.05624
0.05611
0.05614
0.05651
0.05666
0.05628
0.05591
0.05626
0.05675
0.05601
0.05455
0.05437
0.05540
0.05618
0.05651
0.05669
0.05655
0.05588
0.05508
0.05511
0.05606
0.05685
0.05661
0.05590
0.05579
0.05610
0.05593
0.05532
0.05497
0.05533
0.05619
0.05657
0.05579
0.05463
0.05429
0.05501
0.05624
0.05699
0.05686
0.05626
0.05557
0.05510
0.05486
0.05462
0.05478
0.05544
0.05599
0.05618
0.05611
0.05600
0.05592
0.05557
0.05532
0.05542
0.05533
0.05519
0.05542
0.05587
0.05631
0.05618
0.05526
