function [ AbsKoe ] = AbsKoVer5693()
Ak = [0.00842
0.00979
0.01144
0.01295
0.01319
0.01195
0.01108
0.01138
0.01142
0.01007
0.00834
0.00883
0.01131
0.01288
0.01289
0.01213
0.01118
0.01092
0.01187
0.01379
0.01489
0.01393
0.01231
0.01122
0.01004
0.00834
0.00729
0.00784
0.00896
0.00957
0.00995
0.01052
0.01102
0.01131
0.01124
0.01077
0.01115
0.01263
0.01339
0.01359
0.01429
0.01431
0.01350
0.01361
0.01459
0.01496
0.01447
0.01370
0.01303
0.01270
0.01240
0.01213
0.01295
0.01431
0.01428
0.01342
0.01399
0.01606
0.01756
0.01758
0.01632
0.01372
0.01122
0.01059
0.01163
0.01347
0.01491
0.01528
0.01552
0.01564
0.01456
0.01289
0.01234
0.01315
0.01385
0.01316
0.01118
0.00899
0.00800
0.00869
0.00987
0.00991
0.00911
0.00949
0.01144
0.01364
0.01482
0.01446
0.01402
0.01475
0.01511
0.01407
0.01359
0.01489
0.01593
0.01552
0.01469
0.01373
0.01283
0.01339
0.01538
0.01679
0.01689
0.01672
0.01719
0.01793
0.01790
0.01745
0.01714
0.01671
0.01646
0.01701
0.01811
0.01866
0.01827
0.01721
0.01582
0.01501
0.01440
0.01244
0.00980
0.00910
0.01125
0.01292
0.01167
0.01017
0.01073
0.01251
0.01400
0.01455
0.01514
0.01688
0.01884
0.01960
0.01890
0.01740
0.01590
0.01476
0.01453
0.01538
0.01639
0.01689
0.01642
0.01507
0.01393
0.01344
0.01344
0.01376
0.01363
0.01286
0.01203
0.01095
0.00965
0.00868
0.00848
0.00977
0.01249
0.01531
0.01708
0.01774
0.01773
0.01655
0.01404
0.01201
0.01197
0.01255
0.01216
0.01201
0.01311
0.01476
0.01635
0.01738
0.01723
0.01591
0.01471
0.01527
0.01676
0.01720
0.01658
0.01590
0.01596
0.01707
0.01815
0.01871
0.01900
0.01862
0.01824
0.01841
0.01827
0.01757
0.01616
0.01378
0.01197
0.01256
0.01473
0.01574
0.01485
0.01449
0.01582
0.01667
0.01609
0.01564
0.01506
0.01300
0.01063
0.01012
0.01113
0.01167
0.01114
0.01071
0.01062
0.01016
0.01000
0.01108
0.01286
0.01479
0.01663
0.01742
0.01675
0.01576
0.01520
0.01482
0.01497
0.01569
0.01606
0.01605
0.01608
0.01613
0.01633
0.01658
0.01663
0.01638
0.01595
0.01607
0.01674
0.01707
0.01691
0.01619
0.01426
0.01233
0.01228
0.01335
0.01458
0.01607
0.01732
0.01713
0.01510
0.01285
0.01198
0.01159
0.01066
0.01043
0.01180
0.01355
0.01416
0.01390
0.01439
0.01587
0.01712
0.01737
0.01682
0.01592
0.01530
0.01554
0.01621
0.01650
0.01609
0.01428
0.01110
0.00906
0.00964
0.01094
0.01134
0.01140
0.01248
0.01474
0.01664
0.01677
0.01511
0.01364
0.01376
0.01365
0.01223
0.01147
0.01233
0.01389
0.01536
0.01566
0.01431
0.01269
0.01243
0.01357
0.01457
0.01364
0.01145
0.01066
0.01160
0.01300
0.01451
0.01524
0.01499
0.01501
0.01538
0.01554
0.01596
0.01682
0.01673
0.01536
0.01435
0.01455
0.01531
0.01538
0.01464
0.01439
0.01516
0.01607
0.01627
0.01560
0.01407
0.01282
0.01306
0.01383
0.01422
0.01467
0.01532
0.01555
0.01546
0.01583
0.01650
0.01679
0.01642
0.01506
0.01292
0.01179
0.01275
0.01377
0.01331
0.01280
0.01324
0.01400
0.01474
0.01534
0.01568
0.01587
0.01574
0.01525
0.01490
0.01496
0.01513
0.01508
0.01480
0.01478
0.01522
0.01555
0.01514
0.01388
0.01246
0.01232
0.01403
0.01566
0.01521
0.01397
0.01416
0.01533
0.01589
0.01574
0.01561
0.01574
0.01577
0.01525
0.01453
0.01434
0.01417
0.01289
0.01073
0.00934
0.00987
0.01122
0.01164
0.01119
0.01076
0.01076
0.01104
0.01114
0.01105
0.01146
0.01248
0.01324
0.01366
0.01431
0.01434
0.01326
0.01253
0.01306
0.01425
0.01526
0.01562
0.01513
0.01426
0.01404
0.01474
0.01571
0.01612
0.01534
0.01375
0.01277
0.01326
0.01411
0.01386
0.01302
0.01262
0.01264
0.01275
0.01325
0.01443
0.01522
0.01504
0.01480
0.01429
0.01336
0.01329
0.01381
0.01379
0.01352
0.01365
0.01436
0.01526
0.01553
0.01486
0.01405
0.01366
0.01346
0.01376
0.01485
0.01562
0.01502
0.01361
0.01274
0.01312
0.01390
0.01431
0.01488
0.01568
0.01587
0.01563
0.01575
0.01577
0.01496
0.01389
0.01346
0.01367
0.01366
0.01309
0.01296
0.01338
0.01350
0.01320
0.01278
0.01273
0.01304
0.01304
0.01289
0.01330
0.01406
0.01443
0.01407
0.01340
0.01323
0.01377
0.01425
0.01403
0.01351
0.01359
0.01440
0.01502
0.01452
0.01315
0.01268
0.01376
0.01456
0.01409
0.01337
0.01326
0.01376
0.01443
0.01467
0.01430
0.01357
0.01279
0.01254
0.01280
0.01294
0.01302
0.01341
0.01376
0.01368
0.01321
0.01263
0.01227
0.01236
0.01287
0.01343
0.01425
0.01571
0.01643
0.01554
0.01416
0.01314
0.01255
0.01221
0.01243
0.01344
0.01360
0.01211
0.01088
0.01118
0.01233
0.01329
0.01351
0.01317
0.01272
0.01262
0.01294
0.01304
0.01242
0.01164
0.01174
0.01287
0.01425
0.01497
0.01465
0.01372
0.01308
0.01355
0.01432
0.01407
0.01331
0.01285
0.01268
0.01272
0.01261
0.01231
0.01237
0.01305
0.01389
0.01436
0.01449
0.01399
0.01265
0.01188
0.01268
0.01391
0.01425
0.01351
0.01247
0.01197
0.01181
0.01167
0.01195
0.01258
0.01272
0.01246
0.01277
0.01354
0.01395
0.01411
0.01448
0.01447
0.01358
0.01251
0.01218
0.01287
0.01387
0.01413
0.01365
0.01332
0.01349
0.01340
0.01280
0.01237
0.01234
0.01241
0.01248
0.01238
0.01227
0.01266
0.01331
0.01352
0.01337
0.01323
0.01323
0.01361
0.01391
0.01309
0.01177
0.01169
0.01289
0.01377
0.01334
0.01221
0.01149
0.01150
0.01158
0.01144
0.01163
0.01217
0.01274
0.01339
0.01358
0.01286
0.01247
0.01286
0.01281
0.01217
0.01168
0.01150
0.01158
0.01204
0.01268
0.01328
0.01379
0.01398
0.01405
0.01425
0.01394
0.01287
0.01205
0.01244
0.01330
0.01334
0.01285
0.01237
0.01184
0.01159
0.01194
0.01257
0.01268
0.01188
0.01069
0.01013
0.01063
0.01169
0.01248
0.01260
0.01224
0.01191
0.01187
0.01241
0.01317
0.01332
0.01286
0.01241
0.01226
0.01224
0.01233
0.01284
0.01351
0.01387
0.01390
0.01410
0.01469
0.01489
0.01428
0.01379
0.01383
0.01355
0.01276
0.01225
0.01222
0.01243
0.01253
0.01257
0.01300
0.01337
0.01306
0.01261
0.01219
0.01155
0.01142
0.01183
0.01163
0.01091
0.01098
0.01201
0.01278
0.01281
0.01257
0.01247
0.01261
0.01269
0.01240
0.01205
0.01201
0.01231
0.01294
0.01335
0.01320
0.01320
0.01323
0.01261
0.01191
0.01200
0.01266
0.01327
0.01362
0.01341
0.01303
0.01319
0.01339
0.01320
0.01323
0.01350
0.01323
0.01260
0.01264
0.01306
0.01288
0.01267
0.01318
0.01381
0.01402
0.01389
0.01343
0.01291
0.01284
0.01313
0.01320
0.01318
0.01332
0.01325
0.01294
0.01269
0.01248
0.01219
0.01186
0.01174
0.01198
0.01232
0.01246
0.01241
0.01233
0.01234
0.01242
0.01264
0.01317
0.01366
0.01361
0.01338
0.01324
0.01257
0.01154
0.01113
0.01139
0.01177
0.01236
0.01332
0.01382
0.01341
0.01295
0.01276
0.01273
0.01297
0.01324
0.01316
0.01280
0.01252
0.01248
0.01239
0.01235
0.01274
0.01303
0.01295
0.01305
0.01290
0.01228
0.01202
0.01235
0.01288
0.01345
0.01395
0.01424
0.01421
0.01357
0.01260
0.01227
0.01280
0.01333
0.01323
0.01272
0.01250
0.01299
0.01367
0.01345
0.01264
0.01232
0.01251
0.01297
0.01382
0.01475
0.01502
0.01440
0.01362
0.01332
0.01346
0.01350
0.01304
0.01263
0.01296
0.01340
0.01334
0.01302
0.01285
0.01299
0.01300
0.01268
0.01237
0.01233
0.01280
0.01360
0.01409
0.01384
0.01328
0.01304
0.01290
0.01252
0.01234
0.01255
0.01269
0.01274
0.01304
0.01339
0.01362
0.01356
0.01311
0.01291
0.01315
0.01325
0.01306
0.01296
0.01318
0.01353
0.01350
0.01319
0.01328
0.01375
0.01412
0.01432
0.01444
0.01444
0.01412
0.01345
0.01326
0.01389
0.01443
0.01438
0.01410
0.01391
0.01384
0.01372
0.01355
0.01339
0.01326
0.01333
0.01385
0.01427
0.01383
0.01306
0.01280
0.01307
0.01358
0.01399
0.01414
0.01420
0.01426
0.01427
0.01418
0.01396
0.01363
0.01357
0.01385
0.01374
0.01323
0.01313
0.01334
