function [ AbsKoe ] = AbsKoVer53103()
Ak = [0.25649
0.25802
0.25831
0.25764
0.25753
0.25659
0.25444
0.25316
0.25447
0.25719
0.25793
0.25708
0.25708
0.25657
0.25587
0.25731
0.25829
0.25669
0.25438
0.25245
0.25151
0.25143
0.25068
0.24883
0.24899
0.25325
0.25656
0.25433
0.25060
0.24957
0.24961
0.24946
0.25072
0.25260
0.25252
0.25157
0.25156
0.25057
0.24895
0.25003
0.25307
0.25493
0.25576
0.25656
0.25626
0.25508
0.25408
0.25277
0.25157
0.25149
0.25218
0.25311
0.25331
0.25258
0.25279
0.25441
0.25618
0.25776
0.25837
0.25678
0.25330
0.25028
0.24976
0.25112
0.25243
0.25351
0.25569
0.25778
0.25753
0.25562
0.25372
0.25368
0.25576
0.25681
0.25555
0.25345
0.25107
0.24998
0.25112
0.25175
0.25123
0.25202
0.25351
0.25391
0.25381
0.25483
0.25765
0.25936
0.25720
0.25382
0.25162
0.25078
0.25209
0.25334
0.25261
0.25207
0.25246
0.25189
0.24983
0.24899
0.25100
0.25343
0.25418
0.25291
0.25087
0.24971
0.24911
0.24882
0.25024
0.25301
0.25488
0.25655
0.25855
0.25829
0.25558
0.25359
0.25392
0.25440
0.25326
0.25174
0.25091
0.25104
0.25215
0.25251
0.25079
0.24808
0.24669
0.24996
0.25623
0.25867
0.25781
0.25674
0.25394
0.25034
0.24993
0.25177
0.25157
0.25051
0.25194
0.25438
0.25461
0.25377
0.25414
0.25438
0.25391
0.25323
0.25131
0.24948
0.25033
0.25196
0.25012
0.24680
0.24684
0.24900
0.25006
0.25132
0.25362
0.25393
0.25153
0.24967
0.24962
0.24868
0.24571
0.24464
0.24815
0.25075
0.24825
0.24656
0.24886
0.25034
0.24932
0.24906
0.25060
0.25307
0.25507
0.25336
0.25037
0.25288
0.25608
0.25304
0.24910
0.24878
0.24957
0.24947
0.24961
0.25068
0.25208
0.25194
0.24981
0.24867
0.24819
0.24576
0.24414
0.24694
0.25246
0.25577
0.25384
0.24897
0.24706
0.25059
0.25347
0.25132
0.24757
0.24622
0.24685
0.24633
0.24477
0.24431
0.24467
0.24427
0.24224
0.24200
0.24769
0.25342
0.25249
0.24869
0.24697
0.24713
0.24843
0.25063
0.25142
0.24983
0.24784
0.24738
0.24834
0.24939
0.25072
0.25238
0.25211
0.24945
0.24728
0.24708
0.24751
0.24778
0.24871
0.25009
0.25025
0.24872
0.24675
0.24646
0.24867
0.25097
0.25169
0.25137
0.25050
0.24937
0.24732
0.24450
0.24383
0.24533
0.24555
0.24466
0.24512
0.24656
0.24787
0.24926
0.25019
0.24912
0.24662
0.24468
0.24385
0.24428
0.24567
0.24619
0.24670
0.25015
0.25324
0.25105
0.24566
0.24167
0.24150
0.24332
0.24370
0.24317
0.24330
0.24424
0.24721
0.24945
0.24637
0.24180
0.24123
0.24386
0.24672
0.24817
0.24719
0.24516
0.24436
0.24463
0.24550
0.24658
0.24624
0.24506
0.24467
0.24422
0.24349
0.24438
0.24656
0.24714
0.24621
0.24639
0.24753
0.24693
0.24390
0.24173
0.24316
0.24541
0.24585
0.24635
0.24741
0.24771
0.24727
0.24622
0.24466
0.24330
0.24359
0.24612
0.24835
0.24764
0.24439
0.24126
0.24114
0.24362
0.24545
0.24565
0.24594
0.24711
0.24844
0.24885
0.24827
0.24770
0.24669
0.24385
0.24039
0.23934
0.24131
0.24372
0.24368
0.24160
0.24065
0.24195
0.24419
0.24589
0.24705
0.24792
0.24793
0.24823
0.24869
0.24712
0.24443
0.24328
0.24385
0.24399
0.24327
0.24291
0.24335
0.24387
0.24331
0.24231
0.24179
0.24152
0.24157
0.24194
0.24272
0.24352
0.24318
0.24225
0.24321
0.24531
0.24533
0.24394
0.24236
0.24060
0.24093
0.24325
0.24236
0.23833
0.23722
0.23922
0.23958
0.23851
0.23880
0.23985
0.23986
0.23984
0.24056
0.24064
0.24013
0.24027
0.24105
0.24110
0.23966
0.23831
0.23892
0.24046
0.24268
0.24673
0.24764
0.24340
0.24012
0.23932
0.23892
0.23936
0.24033
0.24053
0.23998
0.23959
0.24034
0.24190
0.24220
0.24084
0.24038
0.24212
0.24398
0.24359
0.24124
0.23907
0.23842
0.23880
0.23916
0.23960
0.24036
0.24044
0.23932
0.23794
0.23705
0.23692
0.23764
0.23855
0.23874
0.23832
0.23809
0.23784
0.23755
0.23827
0.23924
0.23868
0.23776
0.23747
0.23657
0.23609
0.23716
0.23765
0.23748
0.23885
0.24030
0.24009
0.23985
0.23983
0.23885
0.23773
0.23773
0.23914
0.23997
0.23819
0.23612
0.23619
0.23668
0.23605
0.23517
0.23452
0.23416
0.23435
0.23417
0.23359
0.23455
0.23607
0.23600
0.23590
0.23605
0.23462
0.23348
0.23411
0.23470
0.23509
0.23607
0.23686
0.23682
0.23575
0.23404
0.23302
0.23294
0.23304
0.23371
0.23549
0.23690
0.23640
0.23528
0.23510
0.23511
0.23493
0.23575
0.23662
0.23556
0.23434
0.23504
0.23601
0.23529
0.23334
0.23212
0.23300
0.23490
0.23568
0.23512
0.23441
0.23443
0.23499
0.23514
0.23524
0.23566
0.23516
0.23356
0.23266
0.23305
0.23322
0.23273
0.23305
0.23450
0.23545
0.23462
0.23246
0.23114
0.23224
0.23395
0.23380
0.23210
0.23082
0.23112
0.23166
0.23150
0.23215
0.23301
0.23268
0.23257
0.23302
0.23276
0.23200
0.23170
0.23171
0.23139
0.23160
0.23235
0.23194
0.23082
0.23045
0.23048
0.23080
0.23192
0.23240
0.23085
0.22913
0.22856
0.22806
0.22699
0.22604
0.22624
0.22720
0.22756
0.22739
0.22754
0.22821
0.22943
0.23059
0.23075
0.23031
0.22987
0.22919
0.22886
0.22942
0.22998
0.22961
0.22836
0.22739
0.22799
0.22940
0.22961
0.22849
0.22748
0.22760
0.22861
0.22960
0.23062
0.23173
0.23211
0.23111
0.22926
0.22808
0.22819
0.22868
0.22875
0.22879
0.22946
0.23024
0.22970
0.22746
0.22551
0.22561
0.22677
0.22753
0.22784
0.22785
0.22737
0.22670
0.22669
0.22763
0.22858
0.22841
0.22779
0.22812
0.22867
0.22780
0.22624
0.22597
0.22602
0.22528
0.22567
0.22705
0.22718
0.22640
0.22609
0.22612
0.22613
0.22649
0.22704
0.22689
0.22571
0.22421
0.22332
0.22330
0.22362
0.22389
0.22451
0.22553
0.22600
0.22535
0.22476
0.22510
0.22503
0.22404
0.22358
0.22416
0.22494
0.22543
0.22601
0.22645
0.22622
0.22539
0.22427
0.22368
0.22370
0.22346
0.22316
0.22337
0.22371
0.22383
0.22363
0.22293
0.22177
0.22083
0.22120
0.22265
0.22357
0.22353
0.22297
0.22196
0.22143
0.22192
0.22247
0.22246
0.22185
0.22112
0.22086
0.22076
0.22103
0.22230
0.22365
0.22403
0.22342
0.22213
0.22126
0.22136
0.22136
0.22081
0.22064
0.22133
0.22241
0.22314
0.22291
0.22205
0.22167
0.22196
0.22210
0.22191
0.22182
0.22198
0.22195
0.22126
0.22024
0.21956
0.21947
0.21971
0.21983
0.22002
0.22077
0.22108
0.21974
0.21808
0.21808
0.21962
0.22125
0.22122
0.21947
0.21822
0.21864
0.21980
0.22058
0.22063
0.22037
0.22024
0.21966
0.21839
0.21754
0.21758
0.21834
0.21881
0.21802
0.21757
0.21824
0.21884
0.21922
0.21891
0.21736
0.21569
0.21516
0.21568
0.21619
0.21668
0.21775
0.21847
0.21772
0.21648
0.21603
0.21649
0.21738
0.21742
0.21671
0.21682
0.21702
0.21632
0.21591
0.21625
0.21650
0.21671
0.21711
0.21713
0.21735
0.21837
0.21867
0.21818
0.21853
0.21922
0.21920
0.21886
0.21865
0.21821
0.21720
0.21638
0.21643
0.21687
0.21674
0.21569
0.21467
0.21455
0.21522
0.21586
0.21578
0.21540
0.21562
0.21658
0.21709
0.21623
0.21506
0.21502
0.21591
0.21619
0.21550
0.21524
0.21548
0.21541
0.21508
0.21478
0.21504
0.21575
0.21598
0.21545
0.21443
0.21384
0.21434
0.21494
0.21481
0.21483
0.21543
0.21547
0.21459
0.21361
0.21283
0.21235
0.21234
0.21266
0.21312
0.21333
0.21324
0.21321
0.21324
0.21295
0.21215
0.21091
0.20955
0.20897
0.20984
0.21157
0.21294
0.21331
0.21289
0.21222
0.21186
0.21192
0.21203
0.21211
0.21214
0.21218
0.21203
0.21133
0.21059
0.21078
0.21161
0.21163
0.21079
0.21035
0.21049
0.21062
0.21047
0.21030
0.21038
0.21024
0.20962
0.20953
0.21039
0.21087
0.21042
0.20991
0.20938
0.20888
0.20914
0.20952
0.20901
0.20833
0.20848
0.20929
0.20966
0.20896
0.20850
0.20930
0.20994
0.20932
0.20847
0.20830
0.20879
0.20919
0.20897
0.20916
0.21020
0.21052
0.20922
0.20797
0.20809
0.20822
0.20756
0.20754
0.20843
0.20869
0.20792
0.20744
0.20754
