function [ AbsKoe ] = AbsKoVer53101()
Ak = [0.01050
0.01158
0.01384
0.01653
0.01928
0.02023
0.01812
0.01461
0.01177
0.01061
0.01087
0.01161
0.01269
0.01407
0.01505
0.01523
0.01515
0.01532
0.01555
0.01521
0.01452
0.01446
0.01449
0.01367
0.01330
0.01449
0.01544
0.01432
0.01253
0.01209
0.01217
0.01178
0.01197
0.01223
0.01062
0.00880
0.01009
0.01324
0.01514
0.01572
0.01599
0.01632
0.01694
0.01721
0.01676
0.01593
0.01515
0.01495
0.01494
0.01411
0.01272
0.01268
0.01501
0.01748
0.01714
0.01508
0.01504
0.01722
0.01856
0.01755
0.01505
0.01344
0.01433
0.01621
0.01663
0.01587
0.01598
0.01684
0.01696
0.01659
0.01677
0.01779
0.01895
0.01910
0.01816
0.01626
0.01390
0.01303
0.01350
0.01387
0.01470
0.01515
0.01431
0.01397
0.01471
0.01555
0.01653
0.01760
0.01739
0.01560
0.01484
0.01684
0.01927
0.01941
0.01868
0.01907
0.01875
0.01639
0.01430
0.01452
0.01639
0.01781
0.01808
0.01777
0.01707
0.01630
0.01612
0.01635
0.01660
0.01728
0.01826
0.01899
0.01932
0.01838
0.01709
0.01801
0.02010
0.02072
0.01956
0.01730
0.01529
0.01519
0.01633
0.01667
0.01625
0.01592
0.01580
0.01682
0.01906
0.02005
0.01933
0.01849
0.01768
0.01656
0.01652
0.01876
0.02064
0.01989
0.01861
0.01876
0.01949
0.01985
0.01973
0.01866
0.01681
0.01574
0.01625
0.01736
0.01807
0.01835
0.01766
0.01600
0.01555
0.01647
0.01637
0.01625
0.01823
0.02064
0.02180
0.02202
0.02165
0.02062
0.01936
0.01897
0.01951
0.01935
0.01792
0.01707
0.01802
0.01887
0.01865
0.01902
0.01977
0.01959
0.01933
0.01953
0.01990
0.02133
0.02255
0.02128
0.01954
0.01929
0.01961
0.02023
0.02117
0.02141
0.02071
0.01962
0.01865
0.01826
0.01748
0.01567
0.01469
0.01576
0.01749
0.01889
0.02031
0.02077
0.01980
0.01979
0.02092
0.02059
0.01921
0.01832
0.01727
0.01561
0.01464
0.01541
0.01669
0.01646
0.01450
0.01322
0.01500
0.01744
0.01722
0.01625
0.01752
0.02013
0.02180
0.02241
0.02222
0.02085
0.01911
0.01885
0.01985
0.01990
0.01898
0.01874
0.01854
0.01738
0.01671
0.01767
0.01938
0.02110
0.02240
0.02264
0.02207
0.02133
0.02043
0.01941
0.01896
0.01947
0.02060
0.02158
0.02186
0.02143
0.01998
0.01738
0.01523
0.01486
0.01552
0.01655
0.01794
0.01891
0.01911
0.01973
0.02101
0.02146
0.02099
0.02086
0.02095
0.02053
0.02010
0.02016
0.02054
0.02140
0.02236
0.02193
0.02031
0.01957
0.01981
0.01950
0.01868
0.01821
0.01826
0.01930
0.02140
0.02227
0.02102
0.01990
0.02024
0.02123
0.02163
0.02078
0.01924
0.01860
0.01918
0.02007
0.02116
0.02196
0.02179
0.02146
0.02112
0.02000
0.01862
0.01792
0.01808
0.01921
0.02119
0.02295
0.02327
0.02228
0.02069
0.01929
0.01945
0.02060
0.02085
0.02065
0.02041
0.01968
0.01942
0.02025
0.02088
0.02072
0.02080
0.02202
0.02333
0.02309
0.02184
0.02098
0.02087
0.02116
0.02103
0.01998
0.01971
0.02183
0.02374
0.02300
0.02214
0.02302
0.02310
0.02132
0.01991
0.01997
0.02033
0.01976
0.01853
0.01829
0.01937
0.02022
0.02051
0.02099
0.02189
0.02275
0.02341
0.02470
0.02605
0.02595
0.02489
0.02359
0.02193
0.02004
0.01892
0.01983
0.02185
0.02288
0.02239
0.02139
0.02119
0.02200
0.02278
0.02268
0.02227
0.02255
0.02334
0.02392
0.02387
0.02330
0.02314
0.02375
0.02397
0.02313
0.02227
0.02207
0.02129
0.01942
0.01868
0.01966
0.02033
0.02016
0.01988
0.02000
0.02028
0.02048
0.02086
0.02136
0.02186
0.02227
0.02237
0.02202
0.02167
0.02212
0.02294
0.02327
0.02349
0.02483
0.02637
0.02622
0.02545
0.02522
0.02477
0.02393
0.02350
0.02342
0.02285
0.02226
0.02312
0.02484
0.02480
0.02287
0.02201
0.02314
0.02446
0.02479
0.02425
0.02356
0.02358
0.02393
0.02330
0.02217
0.02204
0.02250
0.02238
0.02162
0.02134
0.02202
0.02275
0.02268
0.02217
0.02228
0.02295
0.02351
0.02400
0.02454
0.02524
0.02537
0.02454
0.02389
0.02389
0.02431
0.02434
0.02343
0.02304
0.02380
0.02415
0.02405
0.02462
0.02524
0.02512
0.02477
0.02441
0.02421
0.02437
0.02435
0.02428
0.02454
0.02447
0.02374
0.02297
0.02271
0.02300
0.02349
0.02361
0.02340
0.02378
0.02477
0.02524
0.02486
0.02374
0.02228
0.02181
0.02264
0.02380
0.02479
0.02528
0.02506
0.02459
0.02428
0.02424
0.02446
0.02416
0.02310
0.02281
0.02348
0.02361
0.02328
0.02351
0.02395
0.02387
0.02377
0.02449
0.02546
0.02534
0.02434
0.02375
0.02372
0.02363
0.02320
0.02299
0.02365
0.02481
0.02542
0.02501
0.02451
0.02480
0.02473
0.02381
0.02340
0.02356
0.02343
0.02344
0.02406
0.02490
0.02525
0.02480
0.02420
0.02385
0.02349
0.02325
0.02344
0.02413
0.02497
0.02544
0.02532
0.02469
0.02415
0.02424
0.02460
0.02473
0.02484
0.02502
0.02516
0.02549
0.02605
0.02637
0.02613
0.02552
0.02473
0.02416
0.02439
0.02486
0.02430
0.02308
0.02286
0.02383
0.02485
0.02534
0.02512
0.02441
0.02425
0.02471
0.02458
0.02333
0.02233
0.02282
0.02341
0.02282
0.02235
0.02294
0.02368
0.02424
0.02501
0.02529
0.02443
0.02331
0.02299
0.02373
0.02461
0.02458
0.02428
0.02449
0.02468
0.02447
0.02411
0.02383
0.02403
0.02469
0.02520
0.02528
0.02509
0.02519
0.02573
0.02601
0.02571
0.02488
0.02417
0.02424
0.02445
0.02437
0.02435
0.02475
0.02555
0.02588
0.02525
0.02453
0.02445
0.02503
0.02594
0.02634
0.02575
0.02490
0.02485
0.02577
0.02669
0.02667
0.02654
0.02678
0.02598
0.02438
0.02371
0.02387
0.02446
0.02508
0.02502
0.02493
0.02509
0.02484
0.02443
0.02432
0.02417
0.02404
0.02447
0.02507
0.02529
0.02551
0.02569
0.02522
0.02443
0.02434
0.02526
0.02640
0.02677
0.02640
0.02569
0.02478
0.02435
0.02467
0.02497
0.02489
0.02478
0.02482
0.02500
0.02559
0.02649
0.02692
0.02653
0.02586
0.02545
0.02524
0.02484
0.02434
0.02449
0.02549
0.02617
0.02574
0.02500
0.02463
0.02461
0.02508
0.02573
0.02579
0.02527
0.02464
0.02387
0.02323
0.02333
0.02402
0.02487
0.02543
0.02549
0.02545
0.02555
0.02588
0.02638
0.02648
0.02592
0.02490
0.02386
0.02357
0.02423
0.02514
0.02551
0.02530
0.02533
0.02581
0.02605
0.02618
0.02640
0.02637
0.02619
0.02608
0.02612
0.02628
0.02627
0.02562
0.02458
0.02456
0.02581
0.02682
0.02675
0.02616
0.02582
0.02603
0.02629
0.02580
0.02543
0.02610
0.02661
0.02640
0.02602
0.02554
0.02523
0.02546
0.02608
0.02613
0.02517
0.02429
0.02420
0.02455
0.02517
0.02574
0.02608
0.02655
0.02684
0.02620
0.02499
0.02444
0.02505
0.02600
0.02616
0.02529
0.02418
0.02371
0.02382
0.02392
0.02411
0.02479
0.02543
0.02513
0.02433
0.02396
0.02428
0.02496
0.02511
0.02484
0.02541
0.02660
0.02711
0.02648
0.02546
0.02479
0.02448
0.02450
0.02468
0.02502
0.02587
0.02667
0.02683
0.02685
0.02703
0.02690
0.02636
0.02584
0.02550
0.02551
0.02603
0.02648
0.02640
0.02594
0.02558
0.02558
0.02566
0.02587
0.02632
0.02639
0.02607
0.02627
0.02722
0.02773
0.02707
0.02610
0.02566
0.02567
0.02579
0.02582
0.02584
0.02581
0.02553
0.02520
0.02527
0.02555
0.02543
0.02499
0.02462
0.02433
0.02422
0.02474
0.02567
0.02600
0.02572
0.02584
0.02635
0.02629
0.02580
0.02572
0.02587
0.02560
0.02514
0.02526
0.02594
0.02628
0.02581
0.02516
0.02497
0.02499
0.02453
0.02360
0.02316
0.02366
0.02481
0.02598
0.02651
0.02631
0.02573
0.02541
0.02567
0.02578
0.02558
0.02560
0.02590
0.02608
0.02537
0.02422
0.02398
0.02453
0.02497
0.02509
0.02526
0.02550
0.02535
0.02516
0.02550
0.02594
0.02600
0.02562
0.02517
0.02524
0.02544
0.02527
0.02491
0.02440
0.02437
0.02541
0.02622
0.02552
0.02439
0.02428
0.02482
0.02511
0.02511
0.02523
0.02528
0.02479
0.02436
0.02455
0.02484
0.02489
0.02493
0.02501
0.02515
0.02517
0.02475
0.02410
0.02368
0.02377
0.02429
0.02491
0.02539
0.02561
0.02546
0.02516
0.02482
0.02449
