function [ ar ] = arrKTP_VVF2()
a = [0.07
0.08
0.103
0.15
0.207
0.283
0.373
0.477];
ar=a;
end