function [ ar ] = arrKTP_VVF1()
a = [0.175566644058715
0.176801537812368
0.179324717653617
0.211768953068592
0.237194543621728
0.237231989760775];
ar=a;
end