function plo = arrPlotnAir()
ar = [1.293
1.247
1.205
1.165
1.128
1.093
1.06
1.029
1
0.972
0.946
0.898
0.854
0.815
0.779
0.746
0.674
0.615
0.566
0.524
0.456
0.404
0.362
0.329
0.301
0.277
0.257
0.239];
plo=ar;
end