function [ temco ] = arrTemCold()
temcol=[168
369
168
369
148.6
356.5
184
396
148.75
350.00
166.00
375.00
171.00
383.50
106.75
242.00
123.00
294.00
111.00
240.00
109.00
232.75
127.00
291.00
221.00
443.75];
temco=temcol;
end