function [ temhi ] = arrTemHigh207()
temh=[585
1000
603
1000
603
1000
571.5
1000.75
583
1000];
temhi=temh;
end