function [ teplpo ] = arrTepPot84()
tep=[3.980500
9.553200
3.644700
9.477900
3.557320
11.499700
4.462400
11.602100
4.776600
11.501600
3.402300
10.206800
3.928120
11.173330
3.514400
8.659300
2.977000
8.044800
3.352000
9.218000
3.031300
7.794600
3.067100
6.134200
1.734660
4.329670];
teplpo=tep;
end