function [ tem ] = arrTem_VVF2()
te=[27.967
93.833
192.5
341.667
491.467
641.2
790.933
991.133];
tem=te;
end