function [ temco ] = arrTemCold207()
temcol=[109
235
101
199
108.75
238
124
266
111
262];
temco=temcol;
end