function [ temhi ] = arrTemHigh()
temh=[545
927
530
925
560
950
560
900
558
950
540
920
540
920
600
1000
580
1000
587
1000
590
1000
580
1000
483
850];
temhi=temh;
end