function [ ar ] = arrTem2VVF1()
a = [119.75
138
129.5
200
273
261];
ar=a;
end