function [ ar ] = arrTem1VVF1()
a = [585
600
585
800
1000
1000];
ar=a;
end