function [ ar ] = arrTem3VVF1()
a = [377
396
383.5
548
703
697.25];
ar=a;
end