function [tepo] = arrTepPot207()
tepot=[3.9596
8.6377
2.3003
5.3674
3.5614925
7.123
2.12992
7.6956
2.3003
6.9009];
tepo=tepot;
end