function [ ar ] = arrUdTepl_VVF1()
a = [469.87
453.12
473.78
398.87
284.55
289.21];
ar=a;
end
