function [ ar ] = arrUdTepl_VVF2()
a = [352
366
402
417
403
354
397
355];
ar=a;
end
