function [ dlvo ] = dlvoVer5431()
dv = [
7498.83429
7497.86993
7496.90557
7495.94122
7494.97686
7494.01250
7493.04815
7492.08379
7491.11944
7490.15508
7489.19072
7488.22637
7487.26201
7486.29765
7485.33330
7484.36894
7483.40459
7482.44023
7481.47587
7480.51152
7479.54716
7478.58280
7477.61845
7476.65409
7475.68974
7474.72538
7473.76102
7472.79667
7471.83231
7470.86795
7469.90360
7468.93924
7467.97489
7467.01053
7466.04617
7465.08182
7464.11746
7463.15310
7462.18875
7461.22439
7460.26004
7459.29568
7458.33132
7457.36697
7456.40261
7455.43825
7454.47390
7453.50954
7452.54519
7451.58083
7450.61647
7449.65212
7448.68776
7447.72340
7446.75905
7445.79469
7444.83034
7443.86598
7442.90162
7441.93727
7440.97291
7440.00855
7439.04420
7438.07984
7437.11549
7436.15113
7435.18677
7434.22242
7433.25806
7432.29370
7431.32935
7430.36499
7429.40064
7428.43628
7427.47192
7426.50757
7425.54321
7424.57885
7423.61450
7422.65014
7421.68579
7420.72143
7419.75707
7418.79272
7417.82836
7416.86400
7415.89965
7414.93529
7413.97093
7413.00658
7412.04222
7411.07787
7410.11351
7409.14915
7408.18480
7407.22044
7406.25608
7405.29173
7404.32737
7403.36302
7402.39866
7401.43430
7400.46995
7399.50559
7398.54123
7397.57688
7396.61252
7395.64817
7394.68381
7393.71945
7392.75510
7391.79074
7390.82638
7389.86203
7388.89767
7387.93332
7386.96896
7386.00460
7385.04025
7384.07589
7383.11153
7382.14718
7381.18282
7380.21847
7379.25411
7378.28975
7377.32540
7376.36104
7375.39668
7374.43233
7373.46797
7372.50362
7371.53926
7370.57490
7369.61055
7368.64619
7367.68183
7366.71748
7365.75312
7364.78877
7363.82441
7362.86005
7361.89570
7360.93134
7359.96698
7359.00263
7358.03827
7357.07392
7356.10956
7355.14520
7354.18085
7353.21649
7352.25213
7351.28778
7350.32342
7349.35907
7348.39471
7347.43035
7346.46600
7345.50164
7344.53728
7343.57293
7342.60857
7341.64422
7340.67986
7339.71550
7338.75115
7337.78679
7336.82243
7335.85808
7334.89372
7333.92937
7332.96501
7332.00065
7331.03630
7330.07194
7329.10758
7328.14323
7327.17887
7326.21452
7325.25016
7324.28580
7323.32145
7322.35709
7321.39273
7320.42838
7319.46402
7318.49967
7317.53531
7316.57095
7315.60660
7314.64224
7313.67788
7312.71353
7311.74917
7310.78482
7309.82046
7308.85610
7307.89175
7306.92739
7305.96303
7304.99868
7304.03432
7303.06996
7302.10561
7301.14125
7300.17690
7299.21254
7298.24818
7297.28383
7296.31947
7295.35511
7294.39076
7293.42640
7292.46205
7291.49769
7290.53333
7289.56898
7288.60462
7287.64026
7286.67591
7285.71155
7284.74720
7283.78284
7282.81848
7281.85413
7280.88977
7279.92541
7278.96106
7277.99670
7277.03235
7276.06799
7275.10363
7274.13928
7273.17492
7272.21056
7271.24621
7270.28185
7269.31750
7268.35314
7267.38878
7266.42443
7265.46007
7264.49571
7263.53136
7262.56700
7261.60265
7260.63829
7259.67393
7258.70958
7257.74522
7256.78086
7255.81651
7254.85215
7253.88780
7252.92344
7251.95908
7250.99473
7250.03037
7249.06601
7248.10166
7247.13730
7246.17295
7245.20859
7244.24423
7243.27988
7242.31552
7241.35116
7240.38681
7239.42245
7238.45810
7237.49374
7236.52938
7235.56503
7234.60067
7233.63631
7232.67196
7231.70760
7230.74325
7229.77889
7228.81453
7227.85018
7226.88582
7225.92146
7224.95711
7223.99275
7223.02840
7222.06404
7221.09968
7220.13533
7219.17097
7218.20661
7217.24226
7216.27790
7215.31355
7214.34919
7213.38483
7212.42048
7211.45612
7210.49176
7209.52741
7208.56305
7207.59870
7206.63434
7205.66998
7204.70563
7203.74127
7202.77691
7201.81256
7200.84820
7199.88384
7198.91949
7197.95513
7196.99078
7196.02642
7195.06206
7194.09771
7193.13335
7192.16899
7191.20464
7190.24028
7189.27593
7188.31157
7187.34721
7186.38286
7185.41850
7184.45414
7183.48979
7182.52543
7181.56108
7180.59672
7179.63236
7178.66801
7177.70365
7176.73929
7175.77494
7174.81058
7173.84623
7172.88187
7171.91751
7170.95316
7169.98880
7169.02444
7168.06009
7167.09573
7166.13138
7165.16702
7164.20266
7163.23831
7162.27395
7161.30959
7160.34524
7159.38088
7158.41653
7157.45217
7156.48781
7155.52346
7154.55910
7153.59474
7152.63039
7151.66603
7150.70168
7149.73732
7148.77296
7147.80861
7146.84425
7145.87989
7144.91554
7143.95118
7142.98683
7142.02247
7141.05811
7140.09376
7139.12940
7138.16504
7137.20069
7136.23633
7135.27198
7134.30762
7133.34326
7132.37891
7131.41455
7130.45019
7129.48584
7128.52148
7127.55713
7126.59277
7125.62841
7124.66406
7123.69970
7122.73534
7121.77099
7120.80663
7119.84228
7118.87792
7117.91356
7116.94921
7115.98485
7115.02049
7114.05614
7113.09178
7112.12743
7111.16307
7110.19871
7109.23436
7108.27000
7107.30564
7106.34129
7105.37693
7104.41258
7103.44822
7102.48386
7101.51951
7100.55515
7099.59079
7098.62644
7097.66208
7096.69773
7095.73337
7094.76901
7093.80466
7092.84030
7091.87594
7090.91159
7089.94723
7088.98287
7088.01852
7087.05416
7086.08981
7085.12545
7084.16109
7083.19674
7082.23238
7081.26802
7080.30367
7079.33931
7078.37496
7077.41060
7076.44624
7075.48189
7074.51753
7073.55317
7072.58882
7071.62446
7070.66011
7069.69575
7068.73139
7067.76704
7066.80268
7065.83832
7064.87397
7063.90961
7062.94526
7061.98090
7061.01654
7060.05219
7059.08783
7058.12347
7057.15912
7056.19476
7055.23041
7054.26605
7053.30169
7052.33734
7051.37298
7050.40862
7049.44427
7048.47991
7047.51556
7046.55120
7045.58684
7044.62249
7043.65813
7042.69377
7041.72942
7040.76506
7039.80071
7038.83635
7037.87199
7036.90764
7035.94328
7034.97892
7034.01457
7033.05021
7032.08586
7031.12150
7030.15714
7029.19279
7028.22843
7027.26407
7026.29972
7025.33536
7024.37101
7023.40665
7022.44229
7021.47794
7020.51358
7019.54922
7018.58487
7017.62051
7016.65616
7015.69180
7014.72744
7013.76309
7012.79873
7011.83437
7010.87002
7009.90566
7008.94131
7007.97695
7007.01259
7006.04824
7005.08388
7004.11952
7003.15517
7002.19081
7001.22646
7000.26210
6999.29774
6998.33339
6997.36903
6996.40467
6995.44032
6994.47596
6993.51161
6992.54725
6991.58289
6990.61854
6989.65418
6988.68982
6987.72547
6986.76111
6985.79676
6984.83240
6983.86804
6982.90369
6981.93933
6980.97497
6980.01062
6979.04626
6978.08190
6977.11755
6976.15319
6975.18884
6974.22448
6973.26012
6972.29577
6971.33141
6970.36705
6969.40270
6968.43834
6967.47399
6966.50963
6965.54527
6964.58092
6963.61656
6962.65220
6961.68785
6960.72349
6959.75914
6958.79478
6957.83042
6956.86607
6955.90171
6954.93735
6953.97300
6953.00864
6952.04429
6951.07993
6950.11557
6949.15122
6948.18686
6947.22250
6946.25815
6945.29379
6944.32944
6943.36508
6942.40072
6941.43637
6940.47201
6939.50765
6938.54330
6937.57894
6936.61459
6935.65023
6934.68587
6933.72152
6932.75716
6931.79280
6930.82845
6929.86409
6928.89974
6927.93538
6926.97102
6926.00667
6925.04231
6924.07795
6923.11360
6922.14924
6921.18489
6920.22053
6919.25617
6918.29182
6917.32746
6916.36310
6915.39875
6914.43439
6913.47004
6912.50568
6911.54132
6910.57697
6909.61261
6908.64825
6907.68390
6906.71954
6905.75519
6904.79083
6903.82647
6902.86212
6901.89776
6900.93340
6899.96905
6899.00469
6898.04034
6897.07598
6896.11162
6895.14727
6894.18291
6893.21855
6892.25420
6891.28984
6890.32549
6889.36113
6888.39677
6887.43242
6886.46806
6885.50370
6884.53935
6883.57499
6882.61064
6881.64628
6880.68192
6879.71757
6878.75321
6877.78885
6876.82450
6875.86014
6874.89579
6873.93143
6872.96707
6872.00272
6871.03836
6870.07400
6869.10965
6868.14529
6867.18093
6866.21658
6865.25222
6864.28787
6863.32351
6862.35915
6861.39480
6860.43044
