function [ dlvoitom2 ] = dlvoit2()
dv = [8997.4439200	8995.5152000	8993.5864900	8991.6577800	8989.7290700	8987.8003500	8985.8716400	8983.9429300	8982.0142200	8980.0855000	8978.1567900	8976.2280800	8974.2993700	8972.3706500	8970.4419400	8968.5132300	8966.5845200	8964.6558000	8962.7270900	8960.7983800	8958.8696700	8956.9409500	8955.0122400	8953.0835300	8951.1548200	8949.2261000	8947.2973900	8945.3686800	8943.4399600	8941.5112500	8939.5825400	8937.6538300	8935.7251100	8933.7964000	8931.8676900	8929.9389800	8928.0102600	8926.0815500	8924.1528400	8922.2241300	8920.2954100	8918.3667000	8916.4379900	8914.5092800	8912.5805600	8910.6518500	8908.7231400	8906.7944300	8904.8657100	8902.9370000	8901.0082900	8899.0795800	8897.1508600	8895.2221500	8893.2934400	8891.3647300	8889.4360100	8887.5073000	8885.5785900	8883.6498800	8881.7211600	8879.7924500	8877.8637400	8875.9350300	8874.0063100	8872.0776000	8870.1488900	8868.2201800	8866.2914600	8864.3627500	8862.4340400	8860.5053300	8858.5766100	8856.6479000	8854.7191900	8852.7904800	8850.8617600	8848.9330500	8847.0043400	8845.0756300	8843.1469100	8841.2182000	8839.2894900	8837.3607800	8835.4320600	8833.5033500	8831.5746400	8829.6459300	8827.7172100	8825.7885000	8823.8597900	8821.9310800	8820.0023600	8818.0736500	8816.1449400	8814.2162300	8812.2875100	8810.3588000	8808.4300900	8806.5013800	8804.5726600	8802.6439500	8800.7152400	8798.7865300	8796.8578100	8794.9291000	8793.0003900	8791.0716800	8789.1429600	8787.2142500	8785.2855400	8783.3568300	8781.4281100	8779.4994000	8777.5706900	8775.6419800	8773.7132600	8771.7845500	8769.8558400	8767.9271300	8765.9984100	8764.0697000	8762.1409900	8760.2122800	8758.2835600	8756.3548500	8754.4261400	8752.4974300	8750.5687100	8748.6400000	8746.7112900	8744.7825800	8742.8538600	8740.9251500	8738.9964400	8737.0677300	8735.1390100	8733.2103000	8731.2815900	8729.3528800	8727.4241600	8725.4954500	8723.5667400	8721.6380200	8719.7093100	8717.7806000	8715.8518900	8713.9231700	8711.9944600	8710.0657500	8708.1370400	8706.2083200	8704.2796100	8702.3509000	8700.4221900	8698.4934700	8696.5647600	8694.6360500	8692.7073400	8690.7786200	8688.8499100	8686.9212000	8684.9924900	8683.0637700	8681.1350600	8679.2063500	8677.2776400	8675.3489200	8673.4202100	8671.4915000	8669.5627900	8667.6340700	8665.7053600	8663.7766500	8661.8479400	8659.9192200	8657.9905100	8656.0618000	8654.1330900	8652.2043700	8650.2756600	8648.3469500	8646.4182400	8644.4895200	8642.5608100	8640.6321000	8638.7033900	8636.7746700	8634.8459600	8632.9172500	8630.9885400	8629.0598200	8627.1311100	8625.2024000	8623.2736900	8621.3449700	8619.4162600	8617.4875500	8615.5588400	8613.6301200	8611.7014100	8609.7727000	8607.8439900	8605.9152700	8603.9865600	8602.0578500	8600.1291400	8598.2004200	8596.2717100	8594.3430000	8592.4142900	8590.4855700	8588.5568600	8586.6281500	8584.6994400	8582.7707200	8580.8420100	8578.9133000	8576.9845900	8575.0558700	8573.1271600	8571.1984500	8569.2697400	8567.3410200	8565.4123100	8563.4836000	8561.5548900	8559.6261700	8557.6974600	8555.7687500	8553.8400400	8551.9113200	8549.9826100	8548.0539000	8546.1251900	8544.1964700	8542.2677600	8540.3390500	8538.4103400	8536.4816200	8534.5529100	8532.6242000	8530.6954900	8528.7667700	8526.8380600	8524.9093500	8522.9806400	8521.0519200	8519.1232100	8517.1945000	8515.2657900	8513.3370700	8511.4083600	8509.4796500	8507.5509300	8505.6222200	8503.6935100	8501.7648000	8499.8360800	8497.9073700	8495.9786600	8494.0499500	8492.1212300	8490.1925200	8488.2638100	8486.3351000	8484.4063800	8482.4776700	8480.5489600	8478.6202500	8476.6915300	8474.7628200	8472.8341100	8470.9054000	8468.9766800	8467.0479700	8465.1192600	8463.1905500	8461.2618300	8459.3331200	8457.4044100	8455.4757000	8453.5469800	8451.6182700	8449.6895600	8447.7608500	8445.8321300	8443.9034200	8441.9747100	8440.0460000	8438.1172800	8436.1885700	8434.2598600	8432.3311500	8430.4024300	8428.4737200	8426.5450100	8424.6163000	8422.6875800	8420.7588700	8418.8301600	8416.9014500	8414.9727300	8413.0440200	8411.1153100	8409.1866000	8407.2578800	8405.3291700	8403.4004600	8401.4717500	8399.5430300	8397.6143200	8395.6856100	8393.7569000	8391.8281800	8389.8994700	8387.9707600	8386.0420500	8384.1133300	8382.1846200	8380.2559100	8378.3272000	8376.3984800	8374.4697700	8372.5410600	8370.6123500	8368.6836300	8366.7549200	8364.8262100	8362.8975000	8360.9687800	8359.0400700	8357.1113600	8355.1826500	8353.2539300	8351.3252200	8349.3965100	8347.4678000	8345.5390800	8343.6103700	8341.6816600	8339.7529500	8337.8242300	8335.8955200	8333.9668100	8332.0381000	8330.1093800	8328.1806700	8326.2519600	8324.3232500	8322.3945300	8320.4658200	8318.5371100	8316.6084000	8314.6796800	8312.7509700	8310.8222600	8308.8935500	8306.9648300	8305.0361200	8303.1074100	8301.1787000	8299.2499800	8297.3212700	8295.3925600	8293.4638500	8291.5351300	8289.6064200	8287.6777100	8285.7489900	8283.8202800	8281.8915700	8279.9628600	8278.0341400	8276.1054300	8274.1767200	8272.2480100	8270.3192900	8268.3905800	8266.4618700	8264.5331600	8262.6044400	8260.6757300	8258.7470200	8256.8183100	8254.8895900	8252.9608800	8251.0321700	8249.1034600	8247.1747400	8245.2460300	8243.3173200	8241.3886100	8239.4598900	8237.5311800	8235.6024700	8233.6737600	8231.7450400	8229.8163300	8227.8876200	8225.9589100	8224.0301900	8222.1014800	8220.1727700	8218.2440600	8216.3153400	8214.3866300	8212.4579200	8210.5292100	8208.6004900	8206.6717800	8204.7430700	8202.8143600	8200.8856400	8198.9569300	8197.0282200	8195.0995100	8193.1707900	8191.2420800	8189.3133700	8187.3846600	8185.4559400	8183.5272300	8181.5985200	8179.6698100	8177.7410900	8175.8123800	8173.8836700	8171.9549600	8170.0262400	8168.0975300	8166.1688200	8164.2401100	8162.3113900	8160.3826800	8158.4539700	8156.5252600	8154.5965400	8152.6678300	8150.7391200	8148.8104100	8146.8816900	8144.9529800	8143.0242700	8141.0955600	8139.1668400	8137.2381300	8135.3094200	8133.3807100	8131.4519900	8129.5232800	8127.5945700	8125.6658600	8123.7371400	8121.8084300	8119.8797200	8117.9510100	8116.0222900	8114.0935800	8112.1648700	8110.2361600	8108.3074400	8106.3787300	8104.4500200	8102.5213100	8100.5925900	8098.6638800	8096.7351700	8094.8064600	8092.8777400	8090.9490300	8089.0203200	8087.0916100	8085.1628900	8083.2341800	8081.3054700	8079.3767600	8077.4480400	8075.5193300	8073.5906200	8071.6619000	8069.7331900	8067.8044800	8065.8757700	8063.9470500	8062.0183400	8060.0896300	8058.1609200	8056.2322000	8054.3034900	8052.3747800	8050.4460700	8048.5173500	8046.5886400	8044.6599300	8042.7312200	8040.8025000	8038.8737900	8036.9450800	8035.0163700	8033.0876500	8031.1589400	8029.2302300	8027.3015200	8025.3728000	8023.4440900	8021.5153800	8019.5866700	8017.6579500	8015.7292400	8013.8005300	8011.8718200	8009.9431000	8008.0143900	8006.0856800	8004.1569700	8002.2282500	8000.2995400	7998.3708300	7996.4421200	7994.5134000	7992.5846900	7990.6559800	7988.7272700	7986.7985500	7984.8698400	7982.9411300	7981.0124200	7979.0837000	7977.1549900	7975.2262800	7973.2975700	7971.3688500	7969.4401400	7967.5114300	7965.5827200	7963.6540000	7961.7252900	7959.7965800	7957.8678700	7955.9391500	7954.0104400	7952.0817300	7950.1530200	7948.2243000	7946.2955900	7944.3668800	7942.4381700	7940.5094500	7938.5807400	7936.6520300	7934.7233200	7932.7946000	7930.8658900	7928.9371800	7927.0084700	7925.0797500	7923.1510400	7921.2223300	7919.2936200	7917.3649000	7915.4361900	7913.5074800	7911.5787700	7909.6500500	7907.7213400	7905.7926300	7903.8639200	7901.9352000	7900.0064900	7898.0777800	7896.1490700	7894.2203500	7892.2916400	7890.3629300	7888.4342200	7886.5055000	7884.5767900	7882.6480800	7880.7193700	7878.7906500	7876.8619400	7874.9332300	7873.0045200	7871.0758000	7869.1470900	7867.2183800	7865.2896700	7863.3609500	7861.4322400	7859.5035300	7857.5748200	7855.6461000	7853.7173900	7851.7886800	7849.8599600	7847.9312500	7846.0025400	7844.0738300	7842.1451100	7840.2164000	7838.2876900	7836.3589800	7834.4302600	7832.5015500	7830.5728400	7828.6441300	7826.7154100	7824.7867000	7822.8579900	7820.9292800	7819.0005600	