function [dlvo3 ] = dlvoi3()
dv3 = [8997.443920000	8995.515200000	8993.586490000	8991.657780000	8989.729070000	8987.800350000	8985.871640000	8983.942930000	8982.014220000	8980.085500000	8978.156790000	8976.228080000	8974.299370000	8972.370650000	8970.441940000	8968.513230000	8966.584520000	8964.655800000	8962.727090000	8960.798380000	8958.869670000	8956.940950000	8955.012240000	8953.083530000	8951.154820000	8949.226100000	8947.297390000	8945.368680000	8943.439960000	8941.511250000	8939.582540000	8937.653830000	8935.725110000	8933.796400000	8931.867690000	8929.938980000	8928.010260000	8926.081550000	8924.152840000	8922.224130000	8920.295410000	8918.366700000	8916.437990000	8914.509280000	8912.580560000	8910.651850000	8908.723140000	8906.794430000	8904.865710000	8902.937000000	8901.008290000	8899.079580000	8897.150860000	8895.222150000	8893.293440000	8891.364730000	8889.436010000	8887.507300000	8885.578590000	8883.649880000	8881.721160000	8879.792450000	8877.863740000	8875.935030000	8874.006310000	8872.077600000	8870.148890000	8868.220180000	8866.291460000	8864.362750000	8862.434040000	8860.505330000	8858.576610000	8856.647900000	8854.719190000	8852.790480000	8850.861760000	8848.933050000	8847.004340000	8845.075630000	8843.146910000	8841.218200000	8839.289490000	8837.360780000	8835.432060000	8833.503350000	8831.574640000	8829.645930000	8827.717210000	8825.788500000	8823.859790000	8821.931080000	8820.002360000	8818.073650000	8816.144940000	8814.216230000	8812.287510000	8810.358800000	8808.430090000	8806.501380000	8804.572660000	8802.643950000	8800.715240000	8798.786530000	8796.857810000	8794.929100000	8793.000390000	8791.071680000	8789.142960000	8787.214250000	8785.285540000	8783.356830000	8781.428110000	8779.499400000	8777.570690000	8775.641980000	8773.713260000	8771.784550000	8769.855840000	8767.927130000	8765.998410000	8764.069700000	8762.140990000	8760.212280000	8758.283560000	8756.354850000	8754.426140000	8752.497430000	8750.568710000	8748.640000000	8746.711290000	8744.782580000	8742.853860000	8740.925150000	8738.996440000	8737.067730000	8735.139010000	8733.210300000	8731.281590000	8729.352880000	8727.424160000	8725.495450000	8723.566740000	8721.638020000	8719.709310000	8717.780600000	8715.851890000	8713.923170000	8711.994460000	8710.065750000	8708.137040000	8706.208320000	8704.279610000	8702.350900000	8700.422190000	8698.493470000	8696.564760000	8694.636050000	8692.707340000	8690.778620000	8688.849910000	8686.921200000	8684.992490000	8683.063770000	8681.135060000	8679.206350000	8677.277640000	8675.348920000	8673.420210000	8671.491500000	8669.562790000	8667.634070000	8665.705360000	8663.776650000	8661.847940000	8659.919220000	8657.990510000	8656.061800000	8654.133090000	8652.204370000	8650.275660000	8648.346950000	8646.418240000	8644.489520000	8642.560810000	8640.632100000	8638.703390000	8636.774670000	8634.845960000	8632.917250000	8630.988540000	8629.059820000	8627.131110000	8625.202400000	8623.273690000	8621.344970000	8619.416260000	8617.487550000	8615.558840000	8613.630120000	8611.701410000	8609.772700000	8607.843990000	8605.915270000	8603.986560000	8602.057850000	8600.129140000	8598.200420000	8596.271710000	8594.343000000	8592.414290000	8590.485570000	8588.556860000	8586.628150000	8584.699440000	8582.770720000	8580.842010000	8578.913300000	8576.984590000	8575.055870000	8573.127160000	8571.198450000	8569.269740000	8567.341020000	8565.412310000	8563.483600000	8561.554890000	8559.626170000	8557.697460000	8555.768750000	8553.840040000	8551.911320000	8549.982610000	8548.053900000	8546.125190000	8544.196470000	8542.267760000	8540.339050000	8538.410340000	8536.481620000	8534.552910000	8532.624200000	8530.695490000	8528.766770000	8526.838060000	8524.909350000	8522.980640000	8521.051920000	8519.123210000	8517.194500000	8515.265790000	8513.337070000	8511.408360000	8509.479650000	8507.550930000	8505.622220000	8503.693510000	8501.764800000	8499.836080000	8497.907370000	8495.978660000	8494.049950000	8492.121230000	8490.192520000	8488.263810000	8486.335100000	8484.406380000	8482.477670000	8480.548960000	8478.620250000	8476.691530000	8474.762820000	8472.834110000	8470.905400000	8468.976680000	8467.047970000	8465.119260000	8463.190550000	8461.261830000	8459.333120000	8457.404410000	8455.475700000	8453.546980000	8451.618270000	8449.689560000	8447.760850000	8445.832130000	8443.903420000	8441.974710000	8440.046000000	8438.117280000	8436.188570000	8434.259860000	8432.331150000	8430.402430000	8428.473720000	8426.545010000	8424.616300000	8422.687580000	8420.758870000	8418.830160000	8416.901450000	8414.972730000	8413.044020000	8411.115310000	8409.186600000	8407.257880000	8405.329170000	8403.400460000	8401.471750000	8399.543030000	8397.614320000	8395.685610000	8393.756900000	8391.828180000	8389.899470000	8387.970760000	8386.042050000	8384.113330000	8382.184620000	8380.255910000	8378.327200000	8376.398480000	8374.469770000	8372.541060000	8370.612350000	8368.683630000	8366.754920000	8364.826210000	8362.897500000	8360.968780000	8359.040070000	8357.111360000	8355.182650000	8353.253930000	8351.325220000	8349.396510000	8347.467800000	8345.539080000	8343.610370000	8341.681660000	8339.752950000	8337.824230000	8335.895520000	8333.966810000	8332.038100000	8330.109380000	8328.180670000	8326.251960000	8324.323250000	8322.394530000	8320.465820000	8318.537110000	8316.608400000	8314.679680000	8312.750970000	8310.822260000	8308.893550000	8306.964830000	8305.036120000	8303.107410000	8301.178700000	8299.249980000	8297.321270000	8295.392560000	8293.463850000	8291.535130000	8289.606420000	8287.677710000	8285.748990000	8283.820280000	8281.891570000	8279.962860000	8278.034140000	8276.105430000	8274.176720000	8272.248010000	8270.319290000	8268.390580000	8266.461870000	8264.533160000	8262.604440000	8260.675730000	8258.747020000	8256.818310000	8254.889590000	8252.960880000	8251.032170000	8249.103460000	8247.174740000	8245.246030000	8243.317320000	8241.388610000	8239.459890000	8237.531180000	8235.602470000	8233.673760000	8231.745040000	8229.816330000	8227.887620000	8225.958910000	8224.030190000	8222.101480000	8220.172770000	8218.244060000	8216.315340000	8214.386630000	8212.457920000	8210.529210000	8208.600490000	8206.671780000	8204.743070000	8202.814360000	8200.885640000	8198.956930000	8197.028220000	8195.099510000	8193.170790000	8191.242080000	8189.313370000	8187.384660000	8185.455940000	8183.527230000	8181.598520000	8179.669810000	8177.741090000	8175.812380000	8173.883670000	8171.954960000	8170.026240000	8168.097530000	8166.168820000	8164.240110000	8162.311390000	8160.382680000	8158.453970000	8156.525260000	8154.596540000	8152.667830000	8150.739120000	8148.810410000	8146.881690000	8144.952980000	8143.024270000	8141.095560000	8139.166840000	8137.238130000	8135.309420000	8133.380710000	8131.451990000	8129.523280000	8127.594570000	8125.665860000	8123.737140000	8121.808430000	8119.879720000	8117.951010000	8116.022290000	8114.093580000	8112.164870000	8110.236160000	8108.307440000	8106.378730000	8104.450020000	8102.521310000	8100.592590000	8098.663880000	8096.735170000	8094.806460000	8092.877740000	8090.949030000	8089.020320000	8087.091610000	8085.162890000	8083.234180000	8081.305470000	8079.376760000	8077.448040000	8075.519330000	8073.590620000	8071.661900000	8069.733190000	8067.804480000	8065.875770000	8063.947050000	8062.018340000	8060.089630000	8058.160920000	8056.232200000	8054.303490000	8052.374780000	8050.446070000	8048.517350000	8046.588640000	8044.659930000	8042.731220000	8040.802500000	8038.873790000	8036.945080000	8035.016370000	8033.087650000	8031.158940000	8029.230230000	8027.301520000	8025.372800000	8023.444090000	8021.515380000	8019.586670000	8017.657950000	8015.729240000	8013.800530000	8011.871820000	8009.943100000	8008.014390000	8006.085680000	8004.156970000	8002.228250000	8000.299540000	7998.370830000	7996.442120000	7994.513400000	7992.584690000	7990.655980000	7988.727270000	7986.798550000	7984.869840000	7982.941130000	7981.012420000	7979.083700000	7977.154990000	