function [ kinemVyazVoz ] = koefKinemVyazAir()
koefKinematVyaz=[13.28
14.16
15.06
16
16.96
17.95
18.97
20.02
21.09
22.1
23.13
25.45
27.8
30.09
32.49
34.85
40.61
48.33
55.46
63.09
79.38
96.89
115.4
134.8
155.1
177.1
199.3
233.7];
kinemVyazVoz=(1e-6)*koefKinematVyaz;
end