function [ koefteplvoz ] = koefTeploprovAir()
koeftepl=[2.44
2.51
2.59
2.67
2.76
2.83
2.9
2.96
3.05
3.13
3.21
3.34
3.49
3.64
3.78
3.93
4.27
4.6
4.91
5.21
5.74
6.22
6.71
7.18
7.63
8.07
8.5
9.15];
koefteplvoz=(1e-2)*koeftepl;
end