function [ dinVyazVoz ] = koefDinVyazAir()
koefDinVyaz=[17.2
17.6
18.1
18.6
19.1
19.6
20.1
20.6
21.1
21.5
21.9
22.8
23.7
24.5
25.3
26
27.4
29.7
31.4
33.6
36.2
39.1
41.8
44.3
46.7
49
51.2
53.5];
dinVyazVoz=(1e-6)*koefDinVyaz;
end