jpot=582.9081;
epsil=6.9733e-9;
kver=(0.111573333-0.07554444)/250;
bver=0.07554444-k*250;