function [ chisPranVoz ] = PrAir()
chisPrandtl=[0.707
0.705
0.703
0.701
0.699
0.698
0.696
0.694
0.692
0.69
0.688
0.686
0.684
0.682
0.681
0.68
0.677
0.674
0.676
0.678
0.687
0.699
0.706
0.713
0.717
0.719
0.722
0.724];
chisPranVoz=chisPrandtl;
end