function [ prgr ] = PravGranPorom()
rp=[130
120
110
100
90
80
70
60
50
40
30
20
15
10
5
3
1
0.1];
prgr=(1e-6)*rp;
end