function [ rppr ] = rasPorpoRazm207()
rp=[0
0
0.02
1.86
1.45
1.54
1.72
1.89
2.28
2.57
3.79
2.99
5.77
19.8
9
45.31
0.21
0];
rppr=(1e-2)*rp;
end