function [ rppr ] = rasPorpoRazm84()
rp=[0
0
2.14
1
1.06
1.33
1.3
1.57
1.9
2.35
3.83
3.77
8.94
27.38
7.7
29
6.73
0];
rppr=(1e-2)*rp;
end