function [ temColdTer4 ] = temCold4()
n4=[35
35
35
35
35
36
36
36
38
39
39
39
39
39
40
40
40
40
41
41
41
42
42
55
56
56
56
56
56
56
56
57
57];
temColdTer4=n4;
end