function [ temColdTer3 ] = temCold3()
n3=[19
19
19
19
19
19
19
20
20
21
22
23
24
24
26
26
26
27
27
28
30
30
31
31
32
32
32
33
33
33];
temColdTer3=n3;
end