function [ temColdTer2 ] = temCold2()
n2=[102
102
102
103
104
105
106
107
108
110
111
114
115
116
117
118
119
120
121
122
123
123
125
125
126
126
127
128
129
130
131
134
135
136
137
137
139
139
140
141
142
143
144
145
146
147
150
151
152
153
154
154
154
155
156
157
158
158
159
160
161
162
163
165
165
167
168
168
171
171
172
173
173
174
175
175
177
180
181
181
182];
temColdTer2=n2;
end