function [ temHotTer1 ] = temHot1()
n1=[34
39
47
53
89
91
103
109
117
129
141
151
168
188
198
388
408
426
435
444];
temHotTer1=n1;
end