function [ temHotTer3 ] = temHot3()
n3=[32
34
37
43
45
48
50
52
54
57
59
61
64
67
71
74
77
79
82
84
100
105
108
112
114
119
121
124
127
129];
temHotTer3=n3;
end