function [ temHotTer4 ] = temHot4()
n4=[139
141
143
146
148
153
155
158
170
179
180
181
184
185
186
188
191
193
197
198
200
204
208
308
310
311
312
313
314
316
317
318
319];
temHotTer4=n4;
end