function [ temHotTer2 ] = temHot2()
n2=[592
597
600
602
605
610
614
619
622
628
631
648
669
678
682
687
688
692
696
703
706
709
715
718
720
724
726
729
733
737
741
756
760
764
767
769
779
780
783
784
793
796
799
801
805
808
824
827
830
831
833
835
836
839
841
848
851
855
857
861
863
866
869
879
884
888
891
892
898
900
902
904
906
909
913
915
926
939
941
943
949];
temHotTer2=n2;
end