function [ koefcp ] = teploemPostDavAir()
cp=[1005
1005
1005
1005
1005
1005
1005
1009
1009
1009
1009
1009
1013
1017
1022
1026
1038
1047
1059
1068
1093
1114
1135
1156
1172
1185
1197
1210];
koefcp=cp;
end