function [ timeNag1 ] = timeHeat1()
n1=[210
231
287
382
836
859
1020
1098
1188
1335
1500
1620
1849
2096
2216
4544
4767
4983
5122
5182];
timeNag1=n1;
end