function [ timeNag4 ] = timeHeat4()
n4=[159
263
287
332
417
496
569
632
951
1159
1187
1211
1279
1310
1347
1393
1447
1525
1603
1656
1689
1804
1885
4396
4447
4469
4428
4507
4554
4592
4618
4647
4673];
timeNag4=n4;
end
