function [ timeNag2 ] = timeHeat2()
n2=[115
156
201
215
250
310
368
427
475
541
584
808
1099
1215
1263
1329
1341
1401
1453
1543
1587
1627
1706
1742
1767
1818
1855
1895
1942
2000
2052
2253
2304
2363
2405
2421
2527
2548
2577
2623
2704
2729
2796
2844
2899
2943
3084
3132
3203
3241
3266
3292
3315
3360
3385
3458
3501
3531
3550
3612
3657
3685
3765
3857
3895
3941
3980
4001
4114
4154
4179
4220
4241
4283
4343
4365
4487
4614
4635
4649
4671];
timeNag2=n2;
end