function [ timeNag3 ] = timeHeat3()
n3=[407
429
463
565
634
713
755
798
843
931
982
1040
1099
1167
1302
1359
1419
1473
1567
1610
1833
1932
2029
2125
2194
2292
2357
2429
2503
2549];
timeNag3=n3;
end