function [ Trkoe ] = TrkoVer5682()
Tk = [
0.92783
0.92475
0.92243
0.92077
0.92036
0.92280
0.92630
0.92722
0.92537
0.92246
0.92162
0.92437
0.92681
0.92647
0.92611
0.92635
0.92515
0.92384
0.92280
0.92001
0.91770
0.91750
0.91711
0.91631
0.91726
0.92110
0.92657
0.93017
0.93052
0.92972
0.92872
0.92736
0.92616
0.92497
0.92469
0.92553
0.92419
0.92107
0.92019
0.92078
0.92073
0.92204
0.92606
0.92891
0.92725
0.92450
0.92332
0.92135
0.91925
0.91933
0.92125
0.92423
0.92617
0.92496
0.92181
0.91970
0.92000
0.92174
0.92391
0.92596
0.92644
0.92465
0.92235
0.92113
0.92069
0.92042
0.92095
0.92225
0.92291
0.92279
0.92259
0.92230
0.92077
0.91845
0.91943
0.92368
0.92593
0.92451
0.92202
0.92102
0.92262
0.92557
0.92655
0.92426
0.92205
0.92287
0.92468
0.92398
0.92213
0.92093
0.92024
0.92160
0.92257
0.91960
0.91685
0.91862
0.92280
0.92528
0.92479
0.92348
0.92275
0.92102
0.91864
0.91892
0.92185
0.92402
0.92403
0.92277
0.92096
0.92002
0.92109
0.92298
0.92383
0.92263
0.92085
0.92059
0.92157
0.92381
0.92609
0.92541
0.92237
0.92010
0.92033
0.92262
0.92552
0.92727
0.92701
0.92577
0.92381
0.92208
0.92279
0.92478
0.92559
0.92572
0.92596
0.92549
0.92403
0.92326
0.92472
0.92690
0.92672
0.92426
0.92193
0.92079
0.92151
0.92327
0.92299
0.92119
0.92123
0.92240
0.92279
0.92461
0.92815
0.92998
0.92987
0.93122
0.93340
0.93235
0.92985
0.92971
0.93073
0.93017
0.92833
0.92701
0.92545
0.92305
0.92223
0.92377
0.92602
0.92643
0.92525
0.92551
0.92549
0.92406
0.92531
0.92743
0.92639
0.92554
0.92682
0.92735
0.92654
0.92502
0.92351
0.92300
0.92342
0.92420
0.92458
0.92451
0.92533
0.92594
0.92449
0.92381
0.92569
0.92638
0.92383
0.92144
0.92128
0.92212
0.92302
0.92487
0.92827
0.93007
0.92890
0.92879
0.93068
0.93052
0.92795
0.92669
0.92774
0.92917
0.92915
0.92737
0.92570
0.92503
0.92461
0.92421
0.92350
0.92320
0.92356
0.92290
0.92168
0.92224
0.92399
0.92473
0.92461
0.92503
0.92594
0.92603
0.92460
0.92288
0.92228
0.92225
0.92202
0.92280
0.92514
0.92632
0.92509
0.92472
0.92583
0.92533
0.92425
0.92486
0.92563
0.92546
0.92530
0.92668
0.92955
0.93216
0.93327
0.93290
0.93245
0.93160
0.92880
0.92632
0.92685
0.92842
0.92782
0.92583
0.92552
0.92677
0.92739
0.92755
0.92823
0.92876
0.92806
0.92709
0.92717
0.92683
0.92621
0.92747
0.92934
0.92880
0.92663
0.92572
0.92563
0.92602
0.92853
0.93127
0.93168
0.93084
0.92966
0.92882
0.92980
0.93107
0.92967
0.92766
0.92752
0.92793
0.92815
0.92894
0.92993
0.92989
0.92876
0.92782
0.92764
0.92728
0.92686
0.92724
0.92691
0.92529
0.92456
0.92586
0.92808
0.92822
0.92593
0.92538
0.92679
0.92736
0.92793
0.92896
0.92940
0.92913
0.92772
0.92599
0.92596
0.92754
0.92903
0.92968
0.92975
0.92969
0.93055
0.93261
0.93364
0.93282
0.93163
0.93044
0.92917
0.92772
0.92629
0.92672
0.92870
0.92986
0.93060
0.93214
0.93359
0.93371
0.93203
0.92912
0.92667
0.92704
0.93050
0.93323
0.93265
0.93130
0.93166
0.93336
0.93481
0.93431
0.93182
0.92951
0.92949
0.93044
0.93026
0.92938
0.92861
0.92853
0.92917
0.93007
0.93059
0.93052
0.93137
0.93267
0.93177
0.92912
0.92701
0.92652
0.92795
0.93030
0.93153
0.93114
0.93026
0.93078
0.93274
0.93388
0.93457
0.93543
0.93525
0.93537
0.93616
0.93483
0.93177
0.93039
0.93131
0.93301
0.93433
0.93416
0.93335
0.93395
0.93481
0.93364
0.93100
0.92937
0.92967
0.92991
0.92925
0.92931
0.92978
0.92893
0.92771
0.92812
0.93071
0.93387
0.93513
0.93429
0.93327
0.93298
0.93240
0.93044
0.92792
0.92640
0.92673
0.92895
0.93132
0.93223
0.93201
0.93095
0.92944
0.92912
0.93038
0.93139
0.93185
0.93286
0.93351
0.93227
0.93047
0.93044
0.93147
0.93265
0.93425
0.93566
0.93627
0.93560
0.93426
0.93340
0.93275
0.93191
0.93095
0.93020
0.93046
0.93133
0.93180
0.93250
0.93374
0.93418
0.93357
0.93225
0.93129
0.93220
0.93277
0.93109
0.93001
0.93114
0.93276
0.93370
0.93362
0.93339
0.93426
0.93526
0.93497
0.93428
0.93421
0.93415
0.93391
0.93374
0.93310
0.93239
0.93231
0.93215
0.93208
0.93317
0.93432
0.93484
0.93627
0.93760
0.93604
0.93275
0.93179
0.93369
0.93520
0.93501
0.93397
0.93256
0.93163
0.93182
0.93254
0.93339
0.93421
0.93478
0.93569
0.93637
0.93507
0.93249
0.93161
0.93343
0.93578
0.93727
0.93763
0.93632
0.93491
0.93541
0.93626
0.93555
0.93441
0.93332
0.93164
0.93121
0.93272
0.93448
0.93647
0.93811
0.93718
0.93440
0.93210
0.93160
0.93354
0.93618
0.93692
0.93644
0.93685
0.93727
0.93637
0.93590
0.93637
0.93669
0.93725
0.93745
0.93645
0.93540
0.93558
0.93701
0.93877
0.93930
0.93821
0.93774
0.93790
0.93650
0.93565
0.93753
0.93940
0.93871
0.93672
0.93583
0.93617
0.93692
0.93779
0.93769
0.93626
0.93501
0.93533
0.93722
0.93864
0.93810
0.93683
0.93593
0.93523
0.93468
0.93368
0.93219
0.93200
0.93411
0.93712
0.93837
0.93726
0.93622
0.93586
0.93488
0.93397
0.93366
0.93361
0.93455
0.93590
0.93605
0.93535
0.93449
0.93364
0.93395
0.93543
0.93686
0.93789
0.93835
0.93893
0.94006
0.94004
0.93919
0.93923
0.93894
0.93741
0.93658
0.93735
0.93783
0.93784
0.93882
0.93950
0.93845
0.93717
0.93725
0.93798
0.93834
0.93859
0.93844
0.93774
0.93770
0.93890
0.94007
0.93934
0.93750
0.93705
0.93869
0.94096
0.94186
0.94073
0.93861
0.93677
0.93553
0.93539
0.93708
0.93865
0.93804
0.93702
0.93697
0.93699
0.93705
0.93724
0.93775
0.93898
0.93994
0.94010
0.93993
0.93883
0.93713
0.93648
0.93744
0.93914
0.93994
0.93961
0.93949
0.93882
0.93715
0.93765
0.94001
0.94041
0.93969
0.94008
0.94037
0.93978
0.93902
0.93880
0.93962
0.94054
0.94036
0.93923
0.93782
0.93787
0.93972
0.94076
0.94050
0.94049
0.94075
0.94045
0.93933
0.93821
0.93761
0.93761
0.93866
0.94025
0.94133
0.94119
0.93965
0.93784
0.93758
0.93917
0.94038
0.93985
0.93924
0.93946
0.93948
0.93881
0.93798
0.93811
0.93952
0.94120
0.94244
0.94302
0.94314
0.94306
0.94248
0.94171
0.94126
0.94068
0.93974
0.93917
0.93996
0.94116
0.94126
0.94085
0.94089
0.94170
0.94272
0.94203
0.93973
0.93864
0.93918
0.93928
0.93893
0.93918
0.93997
0.94085
0.94159
0.94253
0.94334
0.94305
0.94179
0.94061
0.94029
0.94009
0.93933
0.93920
0.93990
0.93997
0.93936
0.93916
0.93926
0.93916
0.93894
0.93928
0.94101
0.94303
0.94332
0.94171
0.94030
0.94040
0.94050
0.94009
0.94039
0.94139
0.94232
0.94192
0.94054
0.94086
0.94312
0.94454
0.94336
0.94090
0.93996
0.94111
0.94262
0.94307
0.94204
0.94099
0.94196
0.94414
0.94484
0.94332
0.94183
0.94208
0.94259
0.94182
0.94028
0.93953
0.94045
0.94140
0.94099
0.93974
0.93849
0.93873
0.94075
0.94240
0.94224
0.94089
0.93982
0.93961
0.93997
0.94106
0.94242
0.94274
0.94185
0.94037
0.93953
0.94025
0.94134
0.94166
0.94199
0.94226
0.94117
0.93964
0.93952
0.94024
0.94089
0.94191
0.94324
0.94364
0.94258
0.94106
0.94053
0.94103
0.94136
0.94151
0.94202
0.94211
0.94125
0.94020
0.93983
0.94050
0.94150
0.94173
0.94237
0.94502
0.94716
0.94617
0.94393
0.94225
0.94083
0.93993
0.93961
0.93938
0.93920
0.93913
0.93964
0.94070
0.94119
0.94063
0.93983
0.94025
0.94177
0.94253
0.94205
0.94123
0.94056
0.94053
0.94088
0.94069
0.94063
0.94154
0.94243
0.94294
0.94267
0.94108
0.93983
0.93996
0.94087
0.94211
0.94263
0.94212
0.94137
0.94050
0.94076
0.94310
0.94479
0.94427
0.94400
0.94510
0.94577
0.94518
0.94422
0.94318
0.94189
0.94110
0.94154
0.94258
0.94301
0.94309
0.94330
0.94346
0.94373
0.94401
0.94380
0.94337
0.94356
0.94401
0.94418
0.94479
0.94574
0.94582
0.94488
0.94416
0.94414
0.94410
0.94410
0.94431
0.94412
0.94335
0.94306
0.94411
0.94473
