function [ TrkoeShamot2 ] = TrkoSham2()
Tk = [0.8286400	0.8382700	0.8302500	0.8274800	0.8425300	0.8561300	0.8517400	0.8313300	0.8091400	0.8011100	0.8171400	0.8408800	0.8411900	0.8194000	0.8055300	0.8106300	0.8218400	0.8245800	0.8179800	0.8092900	0.7998600	0.7891300	0.7791400	0.7759200	0.7855300	0.8012000	0.8089300	0.8007200	0.7901800	0.8059800	0.8394800	0.8457700	0.8229300	0.8070500	0.8080200	0.8166600	0.8171000	0.8044300	0.8068900	0.8313000	0.8375500	0.8147200	0.8037600	0.8104800	0.7978700	0.7732900	0.7700300	0.7860700	0.8002000	0.8085700	0.8217100	0.8228500	0.7980400	0.7777300	0.7740900	0.7737800	0.7798900	0.7773100	0.7472800	0.7199400	0.7378200	0.7914700	0.8182600	0.8124600	0.8254700	0.8372100	0.8068200	0.7877200	0.8078300	0.8182400	0.8024300	0.8040100	0.8326800	0.8467500	0.8338400	0.8220900	0.8055100	0.7624900	0.7191200	0.7067800	0.7152600	0.7252400	0.7396400	0.7601900	0.7686700	0.7520200	0.7303200	0.7254300	0.7317000	0.7406200	0.7463300	0.7443500	0.7439800	0.7678900	0.8303000	0.8766500	0.8502600	0.8076400	0.7956600	0.7828000	0.7621000	0.7582700	0.7517600	0.7275900	0.7172600	0.7270000	0.7380200	0.7543300	0.7844200	0.8077500	0.7936600	0.7594600	0.7504400	0.7615000	0.7502100	0.7063300	0.6851800	0.7255400	0.7839200	0.8311100	0.8615000	0.8391400	0.7849800	0.7738800	0.8164700	0.8609700	0.8536900	0.7911100	0.7530300	0.7918800	0.8447500	0.8450400	0.8284900	0.8226400	0.8096100	0.7987600	0.8253500	0.8838500	0.9129800	0.8737400	0.8179300	0.8081900	0.8366900	0.8557100	0.8673600	0.9056000	0.9562100	0.9650100	0.9130600	0.8478500	0.8251600	0.8516200	0.9003300	0.9341400	0.9307100	0.9096800	0.8873700	0.8667500	0.8605400	0.8556600	0.8384200	0.8294400	0.8311300	0.8395800	0.8625700	0.8784800	0.8769600	0.8756900	0.8787900	0.8875800	0.9039500	0.9083100	0.8915200	0.8807000	0.8911800	0.8995100	0.8866200	0.8657800	0.8552700	0.8553300	0.8578800	0.8606300	0.8638500	0.8622500	0.8624900	0.8678200	0.8593600	0.8469500	0.8617100	0.8931000	0.9084100	0.9017400	0.8867100	0.8769400	0.8749200	0.8731400	0.8732000	0.8788800	0.8827800	0.8812100	0.8793300	0.8862700	0.9023300	0.9043300	0.8797400	0.8553200	0.8565800	0.8748400	0.8873500	0.8912300	0.8937400	0.8918200	0.8878100	0.8847000	0.8726200	0.8545400	0.8456000	0.8453000	0.8509100	0.8681700	0.8874000	0.8891100	0.8770500	0.8692300	0.8709700	0.8744100	0.8748500	0.8764600	0.8789000	0.8750900	0.8681200	0.8690300	0.8752800	0.8761900	0.8708200	0.8653000	0.8659500	0.8734700	0.8791400	0.8771900	0.8756600	0.8809600	0.8851600	0.8828700	0.8774400	0.8713400	0.8685900	0.8700500	0.8692600	0.8668500	0.8684200	0.8672700	0.8585300	0.8538700	0.8609300	0.8700800	0.8695900	0.8632700	0.8609600	0.8613400	0.8603500	0.8607900	0.8630100	0.8618700	0.8596800	0.8626700	0.8652500	0.8610200	0.8569700	0.8586800	0.8627700	0.8645300	0.8636400	0.8630500	0.8636800	0.8652900	0.8676400	0.8669100	0.8631000	0.8638900	0.8684200	0.8690500	0.8682100	0.8693900	0.8695500	0.8665700	0.8627800	0.8628600	0.8648800	0.8635100	0.8608600	0.8607900	0.8618900	0.8619800	0.8631600	0.8693600	0.8772600	0.8779000	0.8732900	0.8709200	0.8712200	0.8720100	0.8696900	0.8644600	0.8626000	0.8659700	0.8714800	0.8761800	0.8774600	0.8742900	0.8704800	0.8711400	0.8746700	0.8752200	0.8725100	0.8704500	0.8687600	0.8638000	0.8566100	0.8533500	0.8562400	0.8599900	0.8605800	0.8596700	0.8593900	0.8602700	0.8650900	0.8734300	0.8759000	0.8703100	0.8654100	0.8623200	0.8573800	0.8546500	0.8587500	0.8642600	0.8645000	0.8610200	0.8584600	0.8591300	0.8592000	0.8567000	0.8561500	0.8558500	0.8537600	0.8547900	0.8594100	0.8647000	0.8715600	0.8798700	0.8843900	0.8817100	0.8770000	0.8735700	0.8686000	0.8628300	0.8582700	0.8553800	0.8557000	0.8583800	0.8608400	0.8642900	0.8695700	0.8722400	0.8691100	0.8627000	0.8575700	0.8571000	0.8602400	0.8636700	0.8657700	0.8658200	0.8641600	0.8618400	0.8591700	0.8576400	0.8577700	0.8566400	0.8535200	0.8512800	0.8520100	0.8549000	0.8583000	0.8604600	0.8594300	0.8580700	0.8599700	0.8624200	0.8633400	0.8647200	0.8657200	0.8638800	0.8614200	0.8620200	0.8654900	0.8690200	0.8686100	0.8636600	0.8590200	0.8574600	0.8576500	0.8585700	0.8594000	0.8592800	0.8594600	0.8618400	0.8643300	0.8625000	0.8574400	0.8548200	0.8559500	0.8570900	0.8573900	0.8582100	0.8584300	0.8585200	0.8590800	0.8573200	0.8547800	0.8546400	0.8556100	0.8569800	0.8593400	0.8602800	0.8586000	0.8581500	0.8598300	0.8605700	0.8602800	0.8593100	0.8575300	0.8564400	0.8572000	0.8600800	0.8625200	0.8606600	0.8563300	0.8547600	0.8556100	0.8551600	0.8536900	0.8537300	0.8559500	0.8585400	0.8600100	0.8615600	0.8638100	0.8637500	0.8606200	0.8589700	0.8604600	0.8616800	0.8613700	0.8611500	0.8606700	0.8594500	0.8585000	0.8575600	0.8567700	0.8579000	0.8617400	0.8650700	0.8641000	0.8609600	0.8598600	0.8601600	0.8595800	0.8586900	0.8584100	0.8591700	0.8613800	0.8622700	0.8591900	0.8553800	0.8554200	0.8581000	0.8586900	0.8562800	0.8547000	0.8556100	0.8571300	0.8583700	0.8586000	0.8577300	0.8579200	0.8585300	0.8571700	0.8559100	0.8569300	0.8576300	0.8564100	0.8546800	0.8535500	0.8535200	0.8549100	0.8571700	0.8587500	0.8593100	0.8586600	0.8564600	0.8553400	0.8569100	0.8584000	0.8570100	0.8551000	0.8566700	0.8600300	0.8613000	0.8606400	0.8607400	0.8620900	0.8619700	0.8600100	0.8596300	0.8617100	0.8625800	0.8614900	0.8607700	0.8604900	0.8607700	0.8615400	0.8610200	0.8593600	0.8581300	0.8583400	0.8597600	0.8608500	0.8599800	0.8575600	0.8561200	0.8563900	0.8568200	0.8566700	0.8563100	0.8558500	0.8553700	0.8557400	0.8558600	0.8538700	0.8521100	0.8524600	0.8533900	0.8547200	0.8569800	0.8590600	0.8595400	0.8582900	0.8569800	0.8573000	0.8580700	0.8566300	0.8545700	0.8552900	0.8577500	0.8590400	0.8583100	0.8573500	0.8583500	0.8595700	0.8581400	0.8562300	0.8561200	0.8551900	0.8531800	0.8533100	0.8549800	0.8555300	0.8555200	0.8556100	0.8549200	0.8556600	0.8585400	0.8594500	0.8575400	0.8562500	0.8574600	0.8595000	0.8599300	0.8594100	0.8591800	0.8589400	0.8590200	0.8588100	0.8573200	0.8569600	0.8585000	0.8588200	0.8575200	0.8566600	0.8563300	0.8554400	0.8541700	0.8537300	0.8550700	0.8582200	0.8609400	0.8610000	0.8599200	0.8601000	0.8607400	0.8597700	0.8588200	0.8608900	0.8631900	0.8610300	0.8566100	0.8553300	0.8569600	0.8571300	0.8555800	0.8552000	0.8557900	0.8557600	0.8559300	0.8575800	0.8603400	0.8634300	0.8663800	0.8677200	0.8658800	0.8622000	0.8596700	0.8592800	0.8601000	0.8601000	0.8578200	0.8558700	0.8566300	0.8581000	0.8594700	0.8605100	0.8594200	0.8573500	0.8568500	0.8589900	0.8620000	0.8629500	0.8623800	0.8613400	0.8595900	0.8592600	0.8608600	0.8609700	0.8594400	0.8591600	0.8600300	0.8608200	0.8614100	0.8608300	0.8592100	0.8585600	0.8602600	0.8634100	0.8642100	0.8616100	0.8600200	0.8616000	0.8629100	0.8617900	0.8614100	0.8624600	0.8618400	0.8609100	0.8624500	0.8638800	0.8614600	0.8583400	0.8607200	0.8663000	0.8678800	0.8649400	0.8613300	0.8596600	0.8598500	0.8590800	0.8564300	0.8546700	0.8555400	0.8576400	0.8588600	0.8592400	0.8605200	0.8622600	0.8625700	0.8617700	0.8607000	0.8594500	0.8591700	0.8593300	0.8583100	0.8577500	0.8583600	0.8584800	0.8583300	0.8584300	0.8584600	0.8588000	0.8592000	0.8594900	0.8602700	0.8616100	0.8633100	0.8642600	0.8634200	0.8626700	0.8628300	0.8624900	0.8618500	0.8608500	0.8585600	0.8558900	0.8543400	0.8544600	0.8560100	0.8581400	0.8599000	0.8620000	0.8644200	0.8646300	0.8626800	0.8614300	0.8621600	0.8641500	0.8651500	0.8635800	0.8615400	0.8612900	0.8622700	0.8629100	0.8621900	0.8606100	0.8591000	0.8579700	0.8574400	0.8569900	0.8560200	0.8551600	0.8556500	0.8571800	0.8576700	0.8569400	0.8569600	0.8582000	0.8592400	0.8594400	0.8596000	0.8595900	0.8585300	0.8565100	0.8544500	0.8536400	0.8549600	0.8579000	0.8603300	0.8607600	0.8601100	0.8587200	0.8568400	0.8567400	0.8585100	0.8598700	0.8606000	0.8609500	0.8603300	0.8597000	0.8606900	0.8629100	0.8639500	0.8634500	0.8628400	0.8619000	0.8608500	0.8610000	0.8621300	0.8629000	0.8624600	0.8615900	0.8616900	0.8625700	0.8631500	0.8635300	0.8643600	0.8642300	0.8614500	0.8586400	0.8587100	0.8597300	0.8599300	0.8608700	0.8624700	0.8635200	0.8646600	0.8653200	0.8646200	0.8638200	