function [ Trkoe ] = TrkoVer53103()
Tk = [
0.55401
0.55206
0.55169
0.55254
0.55267
0.55388
0.55662
0.55826
0.55658
0.55311
0.55217
0.55325
0.55325
0.55390
0.55479
0.55296
0.55171
0.55375
0.55670
0.55917
0.56039
0.56049
0.56147
0.56386
0.56365
0.55815
0.55392
0.55676
0.56156
0.56290
0.56284
0.56304
0.56141
0.55899
0.55909
0.56031
0.56032
0.56160
0.56371
0.56230
0.55838
0.55600
0.55493
0.55391
0.55429
0.55581
0.55708
0.55876
0.56031
0.56041
0.55953
0.55833
0.55807
0.55901
0.55874
0.55666
0.55439
0.55239
0.55161
0.55363
0.55808
0.56198
0.56265
0.56090
0.55921
0.55781
0.55503
0.55235
0.55268
0.55511
0.55754
0.55759
0.55493
0.55359
0.55520
0.55790
0.56095
0.56237
0.56089
0.56008
0.56075
0.55973
0.55782
0.55730
0.55743
0.55612
0.55252
0.55036
0.55309
0.55742
0.56025
0.56133
0.55964
0.55803
0.55897
0.55966
0.55917
0.55989
0.56257
0.56366
0.56105
0.55791
0.55695
0.55859
0.56122
0.56272
0.56349
0.56387
0.56203
0.55846
0.55605
0.55393
0.55138
0.55171
0.55516
0.55771
0.55729
0.55667
0.55814
0.56009
0.56117
0.56099
0.55956
0.55910
0.56131
0.56484
0.56665
0.56239
0.55433
0.55122
0.55232
0.55369
0.55727
0.56190
0.56244
0.56006
0.56031
0.56169
0.55983
0.55670
0.55641
0.55748
0.55700
0.55670
0.55730
0.55818
0.56065
0.56301
0.56191
0.55981
0.56219
0.56650
0.56644
0.56363
0.56227
0.56063
0.55767
0.55728
0.56037
0.56277
0.56283
0.56405
0.56792
0.56932
0.56474
0.56137
0.56461
0.56682
0.56382
0.56190
0.56323
0.56356
0.56157
0.55837
0.55581
0.55800
0.56186
0.55863
0.55452
0.55842
0.56350
0.56393
0.56290
0.56302
0.56284
0.56147
0.55966
0.55983
0.56259
0.56407
0.56469
0.56786
0.56999
0.56632
0.55916
0.55492
0.55739
0.56368
0.56615
0.56158
0.55787
0.56063
0.56550
0.56726
0.56644
0.56712
0.56915
0.56975
0.56928
0.56981
0.57248
0.57280
0.56534
0.55793
0.55913
0.56404
0.56627
0.56607
0.56438
0.56152
0.56051
0.56256
0.56515
0.56574
0.56449
0.56313
0.56141
0.55927
0.55961
0.56305
0.56588
0.56614
0.56557
0.56522
0.56401
0.56222
0.56201
0.56400
0.56657
0.56694
0.56407
0.56109
0.56016
0.56057
0.56169
0.56315
0.56582
0.56951
0.57039
0.56843
0.56814
0.56929
0.56869
0.56682
0.56511
0.56329
0.56210
0.56348
0.56673
0.56927
0.57036
0.56980
0.56798
0.56729
0.56663
0.56215
0.55817
0.56099
0.56798
0.57323
0.57345
0.57106
0.57056
0.57125
0.57108
0.56985
0.56596
0.56305
0.56706
0.57306
0.57381
0.57035
0.56661
0.56471
0.56599
0.56865
0.56969
0.56933
0.56820
0.56678
0.56723
0.56878
0.56929
0.56987
0.57084
0.56967
0.56681
0.56606
0.56728
0.56703
0.56555
0.56633
0.57029
0.57316
0.57127
0.56831
0.56775
0.56709
0.56571
0.56531
0.56589
0.56726
0.56930
0.57108
0.57070
0.56739
0.56448
0.56540
0.56965
0.57377
0.57393
0.57066
0.56827
0.56800
0.56762
0.56609
0.56436
0.56384
0.56459
0.56533
0.56664
0.57036
0.57493
0.57631
0.57370
0.57054
0.57059
0.57333
0.57458
0.57286
0.56992
0.56768
0.56618
0.56505
0.56503
0.56464
0.56403
0.56608
0.56960
0.57111
0.57036
0.57017
0.57112
0.57160
0.57102
0.57034
0.57107
0.57239
0.57307
0.57343
0.57337
0.57287
0.57185
0.57080
0.57124
0.57246
0.57121
0.56844
0.56842
0.57025
0.57232
0.57465
0.57422
0.57116
0.57232
0.57766
0.57914
0.57647
0.57600
0.57742
0.57703
0.57564
0.57562
0.57565
0.57470
0.57459
0.57527
0.57508
0.57405
0.57399
0.57588
0.57769
0.57687
0.57482
0.57189
0.56659
0.56541
0.57095
0.57528
0.57634
0.57687
0.57629
0.57500
0.57474
0.57546
0.57598
0.57499
0.57293
0.57253
0.57432
0.57494
0.57263
0.57019
0.57070
0.57379
0.57668
0.57753
0.57703
0.57655
0.57597
0.57497
0.57486
0.57634
0.57817
0.57936
0.57954
0.57858
0.57736
0.57711
0.57767
0.57798
0.57831
0.57870
0.57773
0.57645
0.57720
0.57842
0.57881
0.58000
0.58064
0.57922
0.57856
0.57879
0.57697
0.57504
0.57533
0.57563
0.57567
0.57697
0.57846
0.57845
0.57658
0.57548
0.57784
0.58060
0.58051
0.57986
0.58070
0.58187
0.58275
0.58323
0.58297
0.58322
0.58400
0.58271
0.58067
0.58076
0.58089
0.58069
0.58261
0.58414
0.58330
0.58251
0.58199
0.58067
0.57962
0.57967
0.58110
0.58340
0.58476
0.58487
0.58473
0.58384
0.58145
0.57956
0.58023
0.58173
0.58196
0.58195
0.58220
0.58110
0.57993
0.58135
0.58299
0.58205
0.58075
0.58172
0.58433
0.58598
0.58479
0.58224
0.58120
0.58194
0.58289
0.58287
0.58212
0.58191
0.58179
0.58121
0.58189
0.58403
0.58525
0.58472
0.58449
0.58515
0.58472
0.58278
0.58150
0.58261
0.58552
0.58730
0.58582
0.58351
0.58371
0.58601
0.58774
0.58733
0.58660
0.58681
0.58593
0.58478
0.58523
0.58537
0.58476
0.58511
0.58614
0.58654
0.58653
0.58696
0.58668
0.58567
0.58622
0.58774
0.58823
0.58819
0.58776
0.58624
0.58560
0.58769
0.59003
0.59080
0.59147
0.59295
0.59424
0.59396
0.59265
0.59216
0.59239
0.59218
0.59127
0.58962
0.58804
0.58783
0.58842
0.58902
0.58994
0.59039
0.58964
0.58887
0.58937
0.59107
0.59239
0.59157
0.58966
0.58937
0.59089
0.59228
0.59211
0.59074
0.58938
0.58801
0.58650
0.58599
0.58735
0.58985
0.59145
0.59130
0.59064
0.59054
0.59048
0.58958
0.58852
0.58926
0.59230
0.59496
0.59482
0.59324
0.59221
0.59178
0.59177
0.59241
0.59333
0.59335
0.59206
0.59077
0.59101
0.59184
0.59140
0.59065
0.59183
0.59396
0.59433
0.59427
0.59528
0.59474
0.59285
0.59268
0.59374
0.59416
0.59413
0.59411
0.59362
0.59287
0.59307
0.59470
0.59675
0.59797
0.59800
0.59755
0.59718
0.59634
0.59493
0.59430
0.59519
0.59600
0.59552
0.59562
0.59698
0.59761
0.59682
0.59575
0.59507
0.59428
0.59368
0.59399
0.59513
0.59666
0.59747
0.59745
0.59778
0.59819
0.59791
0.59743
0.59726
0.59755
0.59851
0.60011
0.60141
0.60089
0.59889
0.59763
0.59768
0.59846
0.59985
0.60058
0.59990
0.59914
0.59916
0.60000
0.60100
0.60137
0.60151
0.60113
0.59938
0.59752
0.59699
0.59783
0.59961
0.60082
0.60068
0.60068
0.60143
0.60168
0.60072
0.59922
0.59822
0.59853
0.59973
0.60025
0.59985
0.59966
0.59992
0.60004
0.59982
0.59987
0.60082
0.60223
0.60317
0.60330
0.60296
0.60279
0.60253
0.60149
0.60106
0.60292
0.60523
0.60523
0.60308
0.60082
0.60087
0.60330
0.60504
0.60445
0.60283
0.60175
0.60168
0.60205
0.60223
0.60303
0.60479
0.60598
0.60592
0.60487
0.60422
0.60532
0.60594
0.60501
0.60418
0.60364
0.60407
0.60623
0.60857
0.60931
0.60858
0.60786
0.60718
0.60569
0.60469
0.60574
0.60747
0.60809
0.60745
0.60620
0.60615
0.60714
0.60699
0.60670
0.60768
0.60826
0.60779
0.60743
0.60714
0.60659
0.60656
0.60625
0.60482
0.60441
0.60509
0.60460
0.60364
0.60368
0.60415
0.60443
0.60505
0.60645
0.60760
0.60754
0.60691
0.60710
0.60857
0.61001
0.61016
0.60922
0.60833
0.60844
0.60898
0.60867
0.60732
0.60661
0.60782
0.60945
0.60950
0.60826
0.60787
0.60883
0.60920
0.60886
0.60896
0.60942
0.60984
0.60948
0.60849
0.60816
0.60890
0.61034
0.61117
0.61046
0.60962
0.60981
0.60978
0.60893
0.60888
0.61011
0.61149
0.61259
0.61326
0.61329
0.61284
0.61218
0.61188
0.61201
0.61205
0.61201
0.61242
0.61354
0.61531
0.61723
0.61805
0.61682
0.61436
0.61243
0.61191
0.61250
0.61345
0.61396
0.61388
0.61372
0.61361
0.61356
0.61351
0.61372
0.61471
0.61576
0.61549
0.61432
0.61429
0.61548
0.61609
0.61590
0.61571
0.61592
0.61617
0.61605
0.61625
0.61713
0.61726
0.61604
0.61537
0.61600
0.61672
0.61747
0.61819
0.61782
0.61728
0.61800
0.61898
0.61875
0.61760
0.61708
0.61808
0.61873
0.61758
0.61668
0.61756
0.61877
0.61901
0.61832
0.61775
0.61805
0.61779
0.61630
0.61586
0.61770
0.61949
0.61932
0.61912
0.62007
0.62010
0.61883
0.61846
0.61956
0.62024
0.62009
