function [ Trkoe ] = TrkoVer5313()
Tk = [
0.85087
0.84874
0.84564
0.84443
0.84473
0.84489
0.84475
0.84632
0.85062
0.85420
0.85457
0.85318
0.84985
0.84525
0.84317
0.84358
0.84298
0.84149
0.84063
0.84039
0.84144
0.84336
0.84359
0.84277
0.84557
0.85242
0.85710
0.85591
0.85373
0.85517
0.85647
0.85276
0.84744
0.84681
0.85052
0.85332
0.85318
0.85182
0.85022
0.84797
0.84546
0.84380
0.84364
0.84481
0.84650
0.84841
0.85037
0.85081
0.84955
0.84909
0.84981
0.84959
0.84784
0.84594
0.84635
0.84800
0.84651
0.84365
0.84268
0.84121
0.83863
0.83845
0.84153
0.84273
0.83881
0.83442
0.83422
0.83577
0.83454
0.83248
0.83399
0.83743
0.83786
0.83668
0.83955
0.84666
0.85352
0.85570
0.85232
0.84780
0.84616
0.84716
0.84783
0.84679
0.84519
0.84314
0.84102
0.83959
0.83908
0.84031
0.84192
0.84182
0.84133
0.84104
0.83924
0.83652
0.83704
0.84395
0.85182
0.85157
0.84540
0.84143
0.84092
0.84130
0.84151
0.84121
0.83994
0.83812
0.83827
0.84138
0.84262
0.83958
0.83773
0.83961
0.84095
0.83968
0.83721
0.83515
0.83680
0.84370
0.85013
0.85004
0.84638
0.84455
0.84503
0.84685
0.84858
0.84811
0.84506
0.84129
0.83823
0.83591
0.83414
0.83279
0.83249
0.83327
0.83372
0.83401
0.83553
0.83847
0.84100
0.84144
0.84072
0.84068
0.84127
0.84032
0.83692
0.83499
0.83865
0.84534
0.85073
0.85426
0.85492
0.85383
0.85335
0.85071
0.84381
0.83671
0.83229
0.83014
0.83357
0.84476
0.85512
0.85685
0.85337
0.85158
0.85187
0.85055
0.84674
0.84303
0.84066
0.83834
0.83698
0.83766
0.83770
0.83457
0.83067
0.83117
0.83524
0.83658
0.83404
0.83115
0.83149
0.83508
0.83865
0.83930
0.83776
0.83745
0.83873
0.83954
0.84051
0.84354
0.84778
0.84948
0.84621
0.84085
0.83748
0.83636
0.83615
0.83679
0.83837
0.84141
0.84725
0.85448
0.85890
0.85958
0.86024
0.86096
0.85779
0.85334
0.85272
0.85520
0.85647
0.85304
0.84695
0.84359
0.84339
0.84237
0.83967
0.83760
0.83758
0.83845
0.83867
0.83912
0.83985
0.83931
0.83861
0.83948
0.84082
0.84131
0.84158
0.84164
0.84065
0.83931
0.83875
0.83828
0.83676
0.83596
0.83946
0.84481
0.84515
0.84181
0.84089
0.84105
0.83934
0.83966
0.84516
0.85236
0.85700
0.85856
0.85873
0.85601
0.84827
0.84061
0.83907
0.84136
0.84243
0.84147
0.84085
0.84136
0.84068
0.83929
0.83891
0.83793
0.83754
0.84072
0.84414
0.84658
0.85051
0.85130
0.84785
0.84761
0.85058
0.85006
0.84410
0.83621
0.83272
0.83630
0.84215
0.84543
0.84570
0.84575
0.84797
0.85109
0.85089
0.84671
0.84262
0.84068
0.84105
0.84609
0.85321
0.85381
0.84808
0.84525
0.84858
0.85127
0.84905
0.84517
0.84227
0.84076
0.84086
0.84180
0.84255
0.84257
0.84146
0.84051
0.84208
0.84461
0.84475
0.84363
0.84393
0.84436
0.84294
0.84152
0.84122
0.84076
0.84091
0.84346
0.84754
0.84939
0.84745
0.84543
0.84593
0.84684
0.84478
0.84057
0.83922
0.84164
0.84261
0.84050
0.83979
0.84259
0.84746
0.85154
0.85192
0.85097
0.85361
0.85789
0.85620
0.84845
0.84217
0.84007
0.84108
0.84402
0.84495
0.84287
0.84135
0.84100
0.84078
0.84229
0.84574
0.84734
0.84581
0.84402
0.84387
0.84457
0.84541
0.84637
0.84583
0.84411
0.84388
0.84534
0.84727
0.84823
0.84748
0.84612
0.84513
0.84463
0.84457
0.84504
0.84515
0.84398
0.84355
0.84606
0.85079
0.85536
0.85705
0.85661
0.85744
0.85883
0.85744
0.85362
0.85096
0.85039
0.84956
0.84735
0.84543
0.84466
0.84367
0.84251
0.84286
0.84483
0.84677
0.84616
0.84277
0.84030
0.84128
0.84367
0.84468
0.84401
0.84305
0.84303
0.84423
0.84537
0.84575
0.84581
0.84489
0.84456
0.84697
0.84903
0.84860
0.84787
0.84812
0.84802
0.84673
0.84627
0.84691
0.84637
0.84623
0.84769
0.84738
0.84619
0.84803
0.85114
0.85192
0.85092
0.84998
0.85016
0.85144
0.85231
0.85129
0.84802
0.84421
0.84302
0.84451
0.84610
0.84689
0.84677
0.84624
0.84696
0.84928
0.85147
0.85162
0.85025
0.84976
0.84978
0.84852
0.84691
0.84585
0.84501
0.84517
0.84636
0.84720
0.84737
0.84702
0.84673
0.84703
0.84772
0.84934
0.85215
0.85433
0.85391
0.85223
0.85283
0.85508
0.85543
0.85388
0.85322
0.85511
0.85703
0.85510
0.85104
0.84894
0.84871
0.84895
0.84985
0.85113
0.85162
0.85063
0.84921
0.84935
0.85081
0.85214
0.85288
0.85253
0.85150
0.85131
0.85178
0.85175
0.85194
0.85318
0.85357
0.85205
0.85053
0.85016
0.84978
0.85026
0.85305
0.85487
0.85382
0.85247
0.85203
0.85201
0.85153
0.85055
0.85062
0.85198
0.85310
0.85367
0.85421
0.85450
0.85439
0.85382
0.85316
0.85320
0.85337
0.85272
0.85138
0.85075
0.85191
0.85350
0.85370
0.85284
0.85213
0.85136
0.85107
0.85296
0.85516
0.85464
0.85268
0.85192
0.85275
0.85411
0.85472
0.85480
0.85541
0.85582
0.85560
0.85545
0.85525
0.85545
0.85625
0.85597
0.85443
0.85344
0.85321
0.85299
0.85359
0.85556
0.85684
0.85594
0.85510
0.85609
0.85758
0.85795
0.85686
0.85550
0.85520
0.85578
0.85640
0.85609
0.85441
0.85274
0.85241
0.85267
0.85236
0.85207
0.85348
0.85620
0.85782
0.85789
0.85773
0.85750
0.85685
0.85621
0.85611
0.85651
0.85694
0.85701
0.85646
0.85558
0.85519
0.85492
0.85428
0.85378
0.85366
0.85435
0.85579
0.85717
0.85853
0.85947
0.85951
0.85940
0.85936
0.85906
0.85832
0.85708
0.85585
0.85556
0.85665
0.85792
0.85852
0.85872
0.85798
0.85678
0.85664
0.85709
0.85710
0.85744
0.85855
0.85896
0.85808
0.85700
0.85677
0.85776
0.85894
0.85905
0.85776
0.85616
0.85558
0.85581
0.85636
0.85700
0.85772
0.85881
0.85998
0.86080
0.86101
0.86037
0.85908
0.85824
0.85873
0.85934
0.85905
0.85896
0.85967
0.86070
0.86130
0.86055
0.85935
0.85912
0.85885
0.85799
0.85759
0.85747
0.85696
0.85657
0.85688
0.85783
0.85884
0.85918
0.85904
0.85880
0.85828
0.85772
0.85744
0.85709
0.85631
0.85521
0.85512
0.85702
0.85912
0.85890
0.85757
0.85785
0.85930
0.86030
0.86036
0.85985
0.86007
0.86087
0.86076
0.86020
0.86000
0.85986
0.85988
0.86039
0.86108
0.86128
0.86121
0.86160
0.86159
0.85985
0.85771
0.85791
0.85960
0.85956
0.85789
0.85728
0.85835
0.85929
0.85879
0.85793
0.85854
0.85960
0.85957
0.85980
0.86038
0.86018
0.86030
0.86098
0.86084
0.86029
0.86102
0.86253
0.86288
0.86199
0.86082
0.86021
0.86048
0.86071
0.86005
0.85927
0.85960
0.86056
0.86109
0.86130
0.86156
0.86164
0.86139
0.86159
0.86180
0.86065
0.85925
0.85935
0.86071
0.86189
0.86217
0.86241
0.86326
0.86369
0.86245
0.86023
0.85917
0.85959
0.86001
0.86047
0.86149
0.86210
0.86204
0.86227
0.86265
0.86242
0.86214
0.86221
0.86152
0.86026
0.86002
0.86095
0.86211
0.86283
0.86291
0.86249
0.86219
0.86262
0.86310
0.86273
0.86190
0.86132
0.86095
0.86084
0.86119
0.86189
0.86269
0.86293
0.86205
0.86070
0.86034
0.86131
0.86231
0.86269
0.86305
0.86319
0.86277
0.86296
0.86374
0.86334
0.86222
0.86192
0.86157
0.86068
0.86095
0.86224
0.86248
0.86186
0.86140
0.86115
0.86201
0.86360
0.86401
0.86365
0.86404
0.86456
0.86401
0.86305
0.86284
0.86318
0.86334
0.86321
0.86311
0.86338
0.86412
0.86472
0.86445
0.86382
0.86363
0.86394
0.86486
0.86561
0.86545
0.86520
0.86526
0.86518
0.86473
0.86421
0.86430
0.86474
0.86442
0.86330
0.86281
0.86361
0.86447
0.86431
0.86375
0.86396
0.86440
0.86381
0.86290
0.86328
0.86448
0.86517
0.86577
0.86665
0.86682
0.86587
0.86462
0.86360
0.86334
0.86404
0.86444
0.86393
0.86350
0.86295
0.86207
0.86224
0.86310
0.86306
0.86281
0.86364
0.86561
0.86790
0.86888
0.86807
0.86694
0.86722
0.86824
0.86773
0.86601
0.86528
0.86572
0.86613
0.86617
0.86641
0.86650
0.86550
0.86465
0.86512
0.86548
0.86547
0.86595
0.86640
0.86648
0.86625
0.86598
0.86644
0.86744
0.86779
0.86688
0.86622
0.86722
0.86834
0.86786
0.86659
0.86576
