function [ Trkoe2 ] = Trko2()
Tk2 = [0.633510000	0.641890000	0.656180000	0.662520000	0.655480000	0.641930000	0.637880000	0.649660000	0.658980000	0.652290000	0.648910000	0.658500000	0.661310000	0.652400000	0.642580000	0.644130000	0.670820000	0.701560000	0.708610000	0.703030000	0.695900000	0.682590000	0.659310000	0.637670000	0.639950000	0.654450000	0.659990000	0.669000000	0.684590000	0.692920000	0.692940000	0.691610000	0.694390000	0.699260000	0.697980000	0.687680000	0.675880000	0.669870000	0.664670000	0.655400000	0.633840000	0.604040000	0.602090000	0.630780000	0.649120000	0.648200000	0.637370000	0.621400000	0.615950000	0.622790000	0.638900000	0.661410000	0.674430000	0.677470000	0.680510000	0.683780000	0.679660000	0.655110000	0.621130000	0.598060000	0.592730000	0.609220000	0.631490000	0.647300000	0.667490000	0.684990000	0.684540000	0.675430000	0.670320000	0.676090000	0.688910000	0.699470000	0.712270000	0.726670000	0.732090000	0.732850000	0.718010000	0.671780000	0.636120000	0.653480000	0.692490000	0.706220000	0.707720000	0.715700000	0.708500000	0.678200000	0.651080000	0.645860000	0.666410000	0.697010000	0.701670000	0.672880000	0.647780000	0.660830000	0.706870000	0.736630000	0.727400000	0.709780000	0.704420000	0.710980000	0.716270000	0.720950000	0.736650000	0.736820000	0.708710000	0.701400000	0.730810000	0.750820000	0.747090000	0.745890000	0.733200000	0.696610000	0.667490000	0.655470000	0.648120000	0.656100000	0.680460000	0.699670000	0.711870000	0.723330000	0.728700000	0.710680000	0.674120000	0.653850000	0.659430000	0.667980000	0.652230000	0.619580000	0.621550000	0.673730000	0.728160000	0.757560000	0.765750000	0.751010000	0.729190000	0.715330000	0.725870000	0.758870000	0.752650000	0.697460000	0.670990000	0.699040000	0.733870000	0.728720000	0.698300000	0.694660000	0.736970000	0.777690000	0.769050000	0.730900000	0.704010000	0.705230000	0.727380000	0.744000000	0.749260000	0.758340000	0.754390000	0.730840000	0.710180000	0.687950000	0.659940000	0.649790000	0.654930000	0.655390000	0.659450000	0.669870000	0.672180000	0.671820000	0.681430000	0.698810000	0.714880000	0.717220000	0.704230000	0.692160000	0.689450000	0.688020000	0.674450000	0.653110000	0.648690000	0.666830000	0.687160000	0.693300000	0.687860000	0.679500000	0.676700000	0.679740000	0.682270000	0.685250000	0.688510000	0.689540000	0.691440000	0.690250000	0.679500000	0.670090000	0.672200000	0.675070000	0.673890000	0.677890000	0.679010000	0.670190000	0.672890000	0.693960000	0.705690000	0.695520000	0.677560000	0.663220000	0.653450000	0.642760000	0.635210000	0.644480000	0.665540000	0.678620000	0.682940000	0.686000000	0.679580000	0.666050000	0.662170000	0.669200000	0.676360000	0.682280000	0.689070000	0.688050000	0.675140000	0.663400000	0.662920000	0.664650000	0.663250000	0.671380000	0.686530000	0.690820000	0.683740000	0.676020000	0.671830000	0.671620000	0.675720000	0.682430000	0.688380000	0.690880000	0.689180000	0.687550000	0.690280000	0.688650000	0.675140000	0.664670000	0.667860000	0.677180000	0.686150000	0.688240000	0.680070000	0.668260000	0.661520000	0.663420000	0.669500000	0.673820000	0.675100000	0.675370000	0.672810000	0.662890000	0.653350000	0.655790000	0.664160000	0.667250000	0.667250000	0.667270000	0.664740000	0.664620000	0.672240000	0.677500000	0.672130000	0.665460000	0.664340000	0.665560000	0.668460000	0.672500000	0.674280000	0.674280000	0.675350000	0.674780000	0.670110000	0.666720000	0.666690000	0.666470000	0.664780000	0.663030000	0.664520000	0.667880000	0.669560000	0.672970000	0.676190000	0.672510000	0.666230000	0.664420000	0.665670000	0.666130000	0.667300000	0.672750000	0.678690000	0.678770000	0.675290000	0.672080000	0.670480000	0.673420000	0.677920000	0.676960000	0.671640000	0.669300000	0.673000000	0.677000000	0.675620000	0.671090000	0.666980000	0.663090000	0.661340000	0.663370000	0.666250000	0.668410000	0.668770000	0.667840000	0.667950000	0.667050000	0.666330000	0.669230000	0.671850000	0.669850000	0.664960000	0.663760000	0.670890000	0.678870000	0.677980000	0.672500000	0.669570000	0.666910000	0.662740000	0.662780000	0.668100000	0.669570000	0.665800000	0.665090000	0.668300000	0.670470000	0.669810000	0.668470000	0.667160000	0.665340000	0.665860000	0.668460000	0.667720000	0.664580000	0.665180000	0.669320000	0.672970000	0.672210000	0.666650000	0.662350000	0.661470000	0.660530000	0.659740000	0.662950000	0.669470000	0.671990000	0.669170000	0.667660000	0.668670000	0.668440000	0.667190000	0.666390000	0.664940000	0.664510000	0.666400000	0.667930000	0.667920000	0.666160000	0.663430000	0.661650000	0.660740000	0.660650000	0.661890000	0.663020000	0.662640000	0.662260000	0.663790000	0.666170000	0.668770000	0.671190000	0.670090000	0.666230000	0.664490000	0.665390000	0.667210000	0.668490000	0.667300000	0.665020000	0.664930000	0.666980000	0.669130000	0.670610000	0.670740000	0.669420000	0.668740000	0.669350000	0.670060000	0.671530000	0.673460000	0.672850000	0.670430000	0.670020000	0.671420000	0.671430000	0.668660000	0.666590000	0.668090000	0.669460000	0.667940000	0.666580000	0.667770000	0.669430000	0.669090000	0.667070000	0.665600000	0.665200000	0.663880000	0.663380000	0.666170000	0.667980000	0.666160000	0.665000000	0.667370000	0.669720000	0.668300000	0.666010000	0.667010000	0.669850000	0.670780000	0.669510000	0.668190000	0.667540000	0.667170000	0.666900000	0.666830000	0.666330000	0.665400000	0.665980000	0.668270000	0.669770000	0.670030000	0.670640000	0.671890000	0.672520000	0.671690000	0.670860000	0.671230000	0.672200000	0.673700000	0.674750000	0.673620000	0.671370000	0.670060000	0.669120000	0.667560000	0.667420000	0.670160000	0.673240000	0.673600000	0.671830000	0.670620000	0.670190000	0.668860000	0.666910000	0.665870000	0.665980000	0.666710000	0.666850000	0.665010000	0.663280000	0.665180000	0.669450000	0.671170000	0.669020000	0.666660000	0.666800000	0.669030000	0.671080000	0.670330000	0.668000000	0.667730000	0.669520000	0.671060000	0.671860000	0.672400000	0.672190000	0.670700000	0.668710000	0.667550000	0.667070000	0.667310000	0.669350000	0.671410000	0.670970000	0.669190000	0.667810000	0.667320000	0.668070000	0.668860000	0.668800000	0.669130000	0.670190000	0.671700000	0.673250000	0.673420000	0.671850000	0.669140000	0.666240000	0.665220000	0.667020000	0.669280000	0.669630000	0.668170000	0.666260000	0.666250000	0.669120000	0.672250000	0.673340000	0.672580000	0.671210000	0.670800000	0.671610000	0.672230000	0.671690000	0.670310000	0.669220000	0.668860000	0.669060000	0.669870000	0.670280000	0.669440000	0.668890000	0.669910000	0.670700000	0.670300000	0.670470000	0.670630000	0.669020000	0.667770000	0.669560000	0.672280000	0.672350000	0.670680000	0.670430000	0.671230000	0.670810000	0.668990000	0.667820000	0.669330000	0.671590000	0.671170000	0.669640000	0.670350000	0.672710000	0.673570000	0.672490000	0.672830000	0.674470000	0.674260000	0.673030000	0.672350000	0.671760000	0.671440000	0.671030000	0.669770000	0.668470000	0.668330000	0.669730000	0.671780000	0.672870000	0.673790000	0.675810000	0.676330000	0.673140000	0.669830000	0.669500000	0.670260000	0.671080000	0.672000000	0.672010000	0.672480000	0.674060000	0.674530000	0.673590000	0.672460000	0.671990000	0.672370000	0.672330000	0.671340000	0.670610000	0.670480000	0.670680000	0.671490000	0.672150000	0.671970000	0.671150000	0.669520000	0.668510000	0.670140000	0.672260000	0.671850000	0.670520000	0.670920000	0.672680000	0.673590000	0.673160000	0.672320000	0.670360000	0.667750000	0.667670000	0.670280000	0.672500000	0.673740000	0.675370000	0.677200000	0.677030000	0.674220000	0.671960000	0.672800000	0.675120000	0.676100000	0.675890000	0.676510000	0.677230000	0.675630000	0.673080000	0.671630000	0.670420000	0.670130000	0.672010000	0.674730000	0.675850000	0.674660000	0.673250000	0.672940000	0.672830000	0.673010000	0.674590000	0.675980000	0.674950000	0.673930000	0.675510000	0.677260000	0.676690000	0.675100000	0.674780000	0.675920000	0.677340000	0.678480000	0.679050000	0.678150000	0.675700000	0.673290000	0.672630000	0.673340000	0.674430000	0.675400000	0.675150000	0.674240000	