function [ Trkoe ] = TrkoVer5433()
Tk = [
1.01211
1.01165
1.01050
1.00992
1.01077
1.01231
1.01406
1.01434
1.01384
1.01558
1.01673
1.01407
1.01108
1.01128
1.01486
1.01929
1.01899
1.01190
1.00496
1.00381
1.00552
1.00659
1.00786
1.01050
1.01248
1.01154
1.00941
1.00874
1.01003
1.01155
1.01059
1.00753
1.00490
1.00419
1.00608
1.01056
1.01489
1.01536
1.01323
1.01247
1.01257
1.01145
1.01178
1.01508
1.01652
1.01430
1.01187
1.01070
1.01041
1.01035
1.00976
1.00869
1.00744
1.00703
1.00895
1.01174
1.01234
1.01145
1.01132
1.01050
1.00722
1.00432
1.00511
1.00753
1.00800
1.00669
1.00550
1.00533
1.00635
1.00813
1.00882
1.00663
1.00341
1.00340
1.00591
1.00700
1.00814
1.01189
1.01442
1.01236
1.00838
1.00610
1.00633
1.00702
1.00600
1.00521
1.00700
1.00925
1.00864
1.00618
1.00666
1.01015
1.01188
1.01066
1.00867
1.00807
1.00978
1.01174
1.01154
1.01035
1.01030
1.01129
1.01197
1.01145
1.01027
1.00859
1.00708
1.00756
1.00935
1.01104
1.01201
1.01137
1.00856
1.00469
1.00275
1.00327
1.00421
1.00546
1.00761
1.01038
1.01218
1.01081
1.00710
1.00478
1.00636
1.01087
1.01377
1.01138
1.00687
1.00441
1.00222
0.99982
1.00038
1.00293
1.00288
1.00085
1.00197
1.00580
1.00724
1.00639
1.00613
1.00514
1.00284
1.00203
1.00345
1.00461
1.00500
1.00608
1.00628
1.00461
1.00418
1.00669
1.01007
1.01149
1.01097
1.00985
1.00793
1.00474
1.00182
1.00059
1.00002
0.99936
0.99992
1.00140
1.00077
0.99911
1.00038
1.00321
1.00515
1.00540
1.00419
1.00402
1.00519
1.00556
1.00566
1.00621
1.00542
1.00244
1.00046
1.00189
1.00395
1.00336
1.00173
1.00242
1.00394
1.00310
1.00139
1.00156
1.00168
0.99946
0.99814
1.00152
1.00712
1.00999
1.00877
1.00480
1.00101
0.99947
0.99883
0.99830
0.99873
0.99985
1.00195
1.00545
1.00847
1.00942
1.00926
1.00944
1.01009
1.00946
1.00794
1.00784
1.00682
1.00354
1.00214
1.00388
1.00554
1.00506
1.00288
0.99971
0.99909
1.00326
1.00722
1.00684
1.00368
1.00056
0.99901
0.99914
0.99995
0.99984
0.99890
0.99894
1.00039
1.00142
1.00036
0.99924
1.00050
1.00270
1.00453
1.00545
1.00354
1.00052
1.00002
1.00093
1.00066
0.99958
0.99984
1.00304
1.00706
1.00833
1.00778
1.00652
1.00274
0.99861
0.99747
0.99798
0.99853
0.99909
0.99917
0.99899
0.99912
0.99967
1.00091
1.00165
1.00034
0.99859
0.99810
0.99881
1.00205
1.00647
1.00794
1.00726
1.00726
1.00684
1.00370
0.99740
0.99189
0.99358
1.00078
1.00616
1.00689
1.00461
1.00223
1.00241
1.00392
1.00302
1.00024
0.99882
0.99942
1.00070
1.00241
1.00392
1.00307
1.00135
1.00194
1.00265
1.00117
0.99969
0.99933
0.99998
1.00161
1.00246
1.00188
1.00056
0.99787
0.99513
0.99492
0.99623
0.99713
0.99771
0.99831
0.99929
1.00134
1.00348
1.00321
1.00048
0.99823
0.99765
0.99808
0.99964
1.00119
1.00053
0.99851
0.99786
0.99883
1.00028
1.00179
1.00206
0.99937
0.99532
0.99461
0.99863
1.00412
1.00763
1.00724
1.00427
1.00194
1.00110
1.00060
0.99864
0.99518
0.99280
0.99324
0.99591
0.99780
0.99741
0.99744
0.99927
1.00004
0.99802
0.99706
1.00019
1.00337
1.00363
1.00247
1.00118
1.00041
1.00045
1.00022
0.99887
0.99769
0.99775
0.99826
0.99866
0.99871
0.99904
1.00049
1.00074
0.99850
0.99675
0.99695
0.99724
0.99595
0.99509
0.99762
1.00124
1.00191
1.00097
1.00197
1.00333
1.00244
1.00103
1.00020
0.99952
1.00027
1.00252
1.00375
1.00294
1.00199
1.00182
1.00167
1.00152
1.00162
1.00169
1.00026
0.99706
0.99556
0.99727
0.99937
0.99932
0.99746
0.99595
0.99656
0.99889
1.00057
1.00113
1.00141
1.00057
0.99936
0.99952
0.99991
0.99819
0.99558
0.99578
0.99795
0.99856
0.99822
0.99821
0.99754
0.99694
0.99730
0.99724
0.99683
0.99735
0.99840
0.99920
0.99948
0.99939
0.99945
0.99861
0.99659
0.99529
0.99475
0.99449
0.99480
0.99459
0.99386
0.99486
0.99791
1.00016
1.00096
1.00181
1.00168
1.00016
0.99890
0.99827
0.99818
0.99883
0.99954
0.99920
0.99820
0.99835
0.99912
0.99798
0.99587
0.99635
0.99980
1.00275
1.00213
0.99958
0.99855
0.99912
1.00061
1.00289
1.00408
1.00322
1.00191
1.00100
1.00054
1.00103
1.00206
1.00315
1.00371
1.00215
0.99967
0.99908
0.99982
0.99955
0.99836
0.99784
0.99770
0.99767
0.99829
0.99848
0.99813
0.99834
0.99882
0.99938
0.99984
0.99903
0.99729
0.99681
0.99844
1.00041
1.00064
0.99980
0.99954
0.99916
0.99865
0.99916
0.99931
0.99763
0.99671
0.99837
0.99965
0.99949
0.99987
1.00061
1.00189
1.00391
1.00410
1.00184
1.00031
1.00062
1.00124
1.00142
1.00066
0.99928
0.99854
0.99779
0.99658
0.99662
0.99821
1.00020
1.00219
1.00257
1.00035
0.99826
0.99819
0.99967
1.00193
1.00282
1.00116
0.99974
1.00031
1.00093
1.00085
1.00017
0.99839
0.99749
0.99902
1.00077
1.00112
1.00133
1.00211
1.00257
1.00207
1.00044
0.99777
0.99594
0.99697
0.99866
0.99872
0.99927
1.00057
1.00027
0.99931
0.99956
1.00031
1.00088
1.00130
1.00054
0.99857
0.99772
0.99830
0.99846
0.99847
0.99905
0.99914
0.99869
0.99921
1.00076
1.00127
1.00015
0.99898
0.99906
1.00052
1.00149
1.00059
0.99961
0.99957
0.99999
1.00119
1.00245
1.00193
0.99976
0.99881
0.99977
1.00013
0.99948
0.99909
0.99920
0.99987
1.00096
1.00133
0.99996
0.99886
1.00042
1.00236
1.00170
0.99978
0.99877
0.99844
0.99763
0.99633
0.99580
0.99679
0.99890
1.00088
1.00133
1.00058
1.00008
0.99999
0.99969
0.99901
0.99801
0.99709
0.99663
0.99677
0.99797
0.99940
0.99877
0.99729
0.99799
0.99989
1.00101
1.00046
0.99814
0.99671
0.99725
0.99816
0.99897
0.99863
0.99681
0.99605
0.99737
0.99917
1.00027
1.00062
1.00140
1.00249
1.00163
0.99977
0.99955
0.99995
0.99910
0.99761
0.99754
0.99926
1.00014
0.99904
0.99883
1.00033
1.00028
0.99799
0.99664
0.99749
0.99846
0.99826
0.99814
0.99891
0.99942
0.99859
0.99698
0.99623
0.99757
1.00003
1.00120
1.00083
1.00052
1.00045
1.00003
0.99969
1.00042
1.00140
1.00097
0.99910
0.99685
0.99610
0.99761
0.99923
0.99971
0.99943
0.99832
0.99739
0.99737
0.99655
0.99469
0.99399
0.99529
0.99724
0.99856
0.99925
0.99962
0.99956
0.99934
0.99923
0.99877
0.99802
0.99788
0.99834
0.99853
0.99821
0.99787
0.99774
0.99770
0.99821
0.99920
0.99910
0.99801
0.99771
0.99819
0.99845
0.99840
0.99850
0.99893
0.99911
0.99868
0.99796
0.99754
0.99808
0.99901
0.99861
0.99636
0.99431
0.99448
0.99583
0.99675
0.99765
0.99874
0.99906
0.99861
0.99905
1.00036
0.99969
0.99710
0.99659
0.99906
1.00109
1.00080
0.99954
0.99893
0.99858
0.99769
0.99703
0.99751
0.99856
0.99872
0.99803
0.99816
0.99925
0.99966
0.99888
0.99806
0.99812
0.99953
1.00087
1.00032
0.99937
0.99887
0.99779
0.99716
0.99741
0.99699
0.99607
0.99616
0.99667
0.99656
0.99708
0.99866
1.00001
0.99983
0.99767
0.99554
0.99533
0.99625
0.99730
0.99798
0.99779
0.99756
0.99785
0.99780
0.99765
0.99828
0.99878
0.99826
0.99799
0.99866
0.99832
0.99642
0.99571
0.99716
0.99859
0.99930
1.00028
1.00043
0.99920
0.99920
1.00117
1.00217
1.00021
0.99727
0.99624
0.99686
0.99730
0.99656
0.99531
0.99486
0.99504
0.99528
0.99538
0.99535
0.99568
0.99636
0.99753
0.99965
1.00130
1.00075
0.99911
0.99843
0.99846
0.99833
0.99829
0.99892
0.99979
0.99937
0.99714
0.99490
0.99470
0.99638
0.99760
0.99706
0.99625
0.99682
0.99782
0.99780
0.99729
0.99700
0.99740
0.99901
1.00072
1.00082
0.99959
0.99846
0.99789
0.99786
0.99851
0.99938
0.99968
0.99900
0.99787
0.99722
0.99678
0.99614
0.99651
0.99836
1.00004
1.00012
0.99877
0.99785
0.99882
0.99955
0.99831
0.99721
0.99701
0.99693
0.99762
0.99875
0.99877
0.99774
0.99759
0.99932
1.00111
1.00094
0.99931
0.99795
0.99695
0.99599
0.99629
0.99800
0.99947
0.99992
0.99998
1.00042
