function [ Trkoe ] = TrkoVer5553()
Tk = [
0.98080
0.98480
0.98590
0.98324
0.98209
0.98362
0.98416
0.98315
0.98283
0.98335
0.98466
0.98677
0.98776
0.98654
0.98386
0.98121
0.97990
0.97921
0.97905
0.98077
0.98334
0.98481
0.98428
0.98158
0.97908
0.97815
0.97859
0.98146
0.98451
0.98428
0.98202
0.97960
0.97939
0.98246
0.98430
0.98298
0.98124
0.97983
0.97899
0.97943
0.98032
0.98017
0.97849
0.97679
0.97731
0.97994
0.98261
0.98512
0.98820
0.98979
0.98830
0.98606
0.98463
0.98265
0.97942
0.97599
0.97489
0.97756
0.98177
0.98422
0.98350
0.98116
0.97958
0.97857
0.97716
0.97646
0.97832
0.98193
0.98399
0.98412
0.98358
0.98183
0.98035
0.98047
0.98052
0.98016
0.98128
0.98528
0.98869
0.98794
0.98594
0.98414
0.98214
0.98243
0.98438
0.98469
0.98289
0.98051
0.97944
0.98003
0.98067
0.98012
0.97891
0.97906
0.98135
0.98384
0.98402
0.98249
0.98241
0.98385
0.98493
0.98529
0.98463
0.98376
0.98319
0.98132
0.97895
0.97926
0.98202
0.98433
0.98508
0.98429
0.98311
0.98299
0.98187
0.97922
0.97786
0.97846
0.98074
0.98302
0.98088
0.97574
0.97515
0.97982
0.98324
0.98377
0.98428
0.98354
0.98017
0.97631
0.97257
0.96973
0.96979
0.97272
0.97486
0.97403
0.97511
0.97968
0.98199
0.98065
0.97994
0.98085
0.98175
0.98224
0.98229
0.98194
0.98185
0.98211
0.98147
0.97877
0.97641
0.97851
0.98445
0.98753
0.98400
0.97943
0.98001
0.98244
0.98162
0.98004
0.98063
0.98023
0.97735
0.97597
0.97662
0.97730
0.97932
0.98107
0.97992
0.97828
0.97839
0.97947
0.98092
0.98159
0.98008
0.97889
0.97974
0.98043
0.97983
0.97846
0.97845
0.97932
0.97818
0.97694
0.97663
0.97555
0.97526
0.97638
0.97656
0.97629
0.97765
0.97943
0.97935
0.97752
0.97571
0.97492
0.97532
0.97658
0.97732
0.97654
0.97507
0.97488
0.97643
0.97845
0.98035
0.98200
0.98275
0.98199
0.98001
0.97839
0.97892
0.98089
0.98082
0.97836
0.97675
0.97663
0.97688
0.97708
0.97719
0.97707
0.97699
0.97692
0.97747
0.98010
0.98323
0.98291
0.97926
0.97672
0.97714
0.97869
0.97960
0.97849
0.97647
0.97564
0.97614
0.97789
0.97980
0.98115
0.98324
0.98398
0.98047
0.97643
0.97670
0.97910
0.97826
0.97483
0.97468
0.97835
0.98169
0.98372
0.98446
0.98226
0.97863
0.97727
0.97828
0.97847
0.97638
0.97421
0.97424
0.97640
0.97902
0.98055
0.98116
0.98089
0.97880
0.97641
0.97748
0.98165
0.98399
0.98235
0.98023
0.98055
0.98273
0.98418
0.98259
0.97974
0.97881
0.97918
0.97942
0.97924
0.97838
0.97762
0.97727
0.97656
0.97558
0.97454
0.97332
0.97307
0.97425
0.97509
0.97535
0.97673
0.97864
0.97968
0.98042
0.98036
0.97772
0.97478
0.97436
0.97541
0.97709
0.97875
0.97987
0.98104
0.98073
0.97814
0.97579
0.97503
0.97613
0.97805
0.97808
0.97651
0.97554
0.97435
0.97260
0.97259
0.97436
0.97656
0.98000
0.98338
0.98347
0.98089
0.97776
0.97454
0.97209
0.97149
0.97312
0.97545
0.97609
0.97584
0.97699
0.97929
0.98111
0.98140
0.98000
0.97891
0.97967
0.98017
0.97853
0.97587
0.97502
0.97624
0.97692
0.97750
0.97817
0.97683
0.97457
0.97393
0.97600
0.97884
0.97912
0.97777
0.97691
0.97644
0.97648
0.97761
0.97980
0.98094
0.97905
0.97677
0.97736
0.97911
0.97923
0.97778
0.97668
0.97685
0.97729
0.97742
0.97767
0.97860
0.98038
0.98183
0.98159
0.97991
0.97852
0.97841
0.97893
0.97904
0.97805
0.97718
0.97819
0.97810
0.97533
0.97450
0.97657
0.97782
0.97660
0.97372
0.97213
0.97294
0.97380
0.97425
0.97539
0.97684
0.97779
0.97772
0.97708
0.97690
0.97732
0.97740
0.97638
0.97612
0.97749
0.97740
0.97532
0.97521
0.97821
0.98092
0.98125
0.98043
0.98061
0.98232
0.98346
0.98285
0.98148
0.97989
0.97842
0.97756
0.97753
0.97826
0.97915
0.98003
0.98182
0.98344
0.98222
0.97991
0.98024
0.98149
0.98046
0.97887
0.97947
0.98161
0.98347
0.98375
0.98136
0.97764
0.97564
0.97575
0.97700
0.97942
0.98192
0.98290
0.98141
0.97853
0.97731
0.97832
0.97955
0.97942
0.97917
0.98075
0.98262
0.98278
0.98180
0.98123
0.98169
0.98308
0.98430
0.98316
0.98063
0.98003
0.98061
0.97968
0.97821
0.97852
0.98017
0.98169
0.98265
0.98227
0.98069
0.97931
0.97813
0.97675
0.97583
0.97544
0.97600
0.97818
0.97982
0.97931
0.97891
0.97932
0.97937
0.97980
0.98077
0.98137
0.98187
0.98228
0.98201
0.98066
0.97896
0.97886
0.97979
0.97928
0.97880
0.98056
0.98257
0.98278
0.98170
0.98021
0.97883
0.97783
0.97749
0.97858
0.98082
0.98226
0.98248
0.98256
0.98214
0.98069
0.97994
0.98208
0.98528
0.98594
0.98368
0.98042
0.97915
0.98053
0.98156
0.98037
0.97796
0.97702
0.97786
0.97794
0.97758
0.97811
0.97937
0.98140
0.98239
0.98100
0.97927
0.97844
0.97830
0.97982
0.98224
0.98282
0.98171
0.98130
0.98196
0.98212
0.98144
0.98115
0.98128
0.98075
0.97956
0.97888
0.97976
0.98205
0.98387
0.98359
0.98198
0.98029
0.97970
0.98092
0.98161
0.98004
0.97821
0.97803
0.97876
0.97902
0.97908
0.98013
0.98187
0.98231
0.98123
0.98057
0.98083
0.98152
0.98225
0.98195
0.98049
0.97931
0.97926
0.98016
0.98090
0.98056
0.98019
0.98076
0.98119
0.98099
0.98092
0.98135
0.98194
0.98199
0.98144
0.98163
0.98275
0.98245
0.98035
0.97902
0.97909
0.97918
0.97904
0.97953
0.98074
0.98188
0.98222
0.98146
0.98039
0.97999
0.97976
0.97897
0.97883
0.98021
0.98156
0.98247
0.98384
0.98470
0.98402
0.98211
0.98027
0.98063
0.98287
0.98443
0.98436
0.98301
0.98129
0.97984
0.97860
0.97877
0.98063
0.98208
0.98286
0.98368
0.98360
0.98277
0.98252
0.98296
0.98306
0.98224
0.98200
0.98328
0.98409
0.98332
0.98194
0.98089
0.98037
0.97995
0.97940
0.97954
0.98055
0.98112
0.98115
0.98110
0.97989
0.97844
0.97857
0.97881
0.97827
0.97924
0.98205
0.98406
0.98458
0.98457
0.98413
0.98421
0.98502
0.98468
0.98325
0.98237
0.98212
0.98131
0.97988
0.97952
0.98075
0.98203
0.98243
0.98242
0.98236
0.98230
0.98279
0.98369
0.98343
0.98269
0.98369
0.98481
0.98385
0.98212
0.98088
0.98038
0.98098
0.98250
0.98393
0.98428
0.98441
0.98489
0.98405
0.98218
0.98159
0.98186
0.98162
0.98183
0.98257
0.98183
0.98035
0.98029
0.98053
0.98035
0.98140
0.98355
0.98505
0.98502
0.98381
0.98231
0.98165
0.98258
0.98370
0.98344
0.98277
0.98217
0.98129
0.98140
0.98288
0.98373
0.98332
0.98270
0.98260
0.98283
0.98268
0.98230
0.98224
0.98224
0.98188
0.98133
0.98066
0.98037
0.98150
0.98367
0.98544
0.98509
0.98205
0.97911
0.97887
0.98023
0.98089
0.98049
0.97995
0.98023
0.98167
0.98285
0.98260
0.98162
0.98119
0.98189
0.98300
0.98350
0.98336
0.98299
0.98278
0.98323
0.98411
0.98452
0.98404
0.98295
0.98196
0.98163
0.98191
0.98213
0.98204
0.98247
0.98375
0.98496
0.98458
0.98279
0.98166
0.98147
0.98137
0.98108
0.98051
0.98053
0.98146
0.98143
0.97972
0.97867
0.98017
0.98320
0.98513
0.98434
0.98215
0.98104
0.98156
0.98291
0.98397
0.98377
0.98323
0.98367
0.98408
0.98335
0.98226
0.98189
0.98244
0.98343
0.98404
0.98386
0.98317
0.98211
0.98156
0.98277
0.98447
0.98411
0.98215
0.98137
0.98209
0.98220
0.98160
0.98172
0.98255
0.98339
0.98410
0.98435
0.98427
0.98407
0.98328
0.98267
0.98299
0.98367
0.98476
0.98587
0.98601
0.98543
0.98495
0.98478
0.98448
0.98372
0.98287
0.98264
0.98294
0.98322
0.98358
0.98351
0.98257
0.98205
0.98287
0.98384
0.98360
0.98210
0.98026
0.97935
0.97991
0.98160
0.98297
0.98259
0.98171
0.98186
0.98264
0.98328
0.98324
0.98315
0.98373
0.98403
0.98378
0.98368
0.98342
0.98296
0.98308
0.98343
0.98385
0.98450
0.98389
0.98210
0.98111
0.98107
0.98150
0.98221
0.98225
0.98233
0.98357
0.98443
0.98405
0.98360
0.98368
0.98378
0.98344
0.98291
0.98216
0.98117
0.98073
0.98066
0.98029
0.98028
0.98148
0.98320
0.98374
0.98303
0.98279
0.98372
