function [ Trkoe4 ] = Trko4()
Tk4 = [0.9775900	0.9944600	1.0143200	1.0135200	0.9977200	0.9836000	0.9718000	0.9702300	0.9832600	0.9845400	0.9691200	0.9528500	0.9300100	0.9078200	0.9072800	0.9242700	0.9420900	0.9475000	0.9382000	0.9348500	0.9499300	0.9714800	0.9934600	1.0072800	1.0053200	1.0037400	1.0121700	1.0130400	0.9963300	0.9795200	0.9716000	0.9631600	0.9531900	0.9509800	0.9628400	0.9741400	0.9710300	0.9786500	1.0014900	1.0094200	0.9956300	0.9784800	0.9780800	0.9866200	0.9786300	0.9627200	0.9598500	0.9713700	0.9751700	0.9590800	0.9532500	0.9684300	0.9796800	0.9812300	0.9798700	0.9856200	0.9975500	0.9824200	0.9475300	0.9413100	0.9669100	0.9852100	0.9721800	0.9655600	1.0069900	1.0436000	1.0122700	0.9731000	0.9806800	1.0005500	1.0035700	1.0019500	0.9987300	0.9966200	1.0043100	1.0218300	1.0289500	1.0109800	0.9892600	0.9732200	0.9579500	0.9536300	0.9625600	0.9668300	0.9608600	0.9587800	0.9449600	0.9198600	0.9227000	0.9445900	0.9561200	0.9556000	0.9544500	0.9760200	1.0259400	1.0677100	1.0745000	1.0576400	1.0256700	0.9928200	0.9838000	0.9989300	1.0009800	0.9584500	0.9069600	0.9088100	0.9747900	1.0447000	1.0564500	1.0385500	1.0068700	0.9483300	0.9082200	0.9032000	0.9140900	0.9485900	0.9847200	0.9774800	0.9475800	0.9483100	0.9945100	1.0361500	1.0184500	0.9746500	0.9508900	0.9485700	0.9316600	0.8801600	0.8694500	0.9447200	0.9957900	0.9500200	0.9029700	0.9076000	0.9289300	0.9537400	0.9846600	0.9949300	0.9741100	0.9410500	0.9149400	0.9143800	0.9299400	0.9209400	0.9035100	0.9236800	0.9734200	1.0027300	0.9798400	0.9345100	0.9173300	0.9300200	0.9466700	0.9529500	0.9439500	0.9309500	0.9162600	0.9006900	0.9090400	0.9368900	0.9479500	0.9379700	0.9232700	0.9165500	0.9159800	0.9123700	0.9176800	0.9382600	0.9534400	0.9516100	0.9493500	0.9567600	0.9620600	0.9551500	0.9372800	0.9186800	0.9080500	0.8984100	0.8886800	0.8914600	0.9022100	0.9087400	0.9138600	0.9226600	0.9424200	0.9636400	0.9570700	0.9320100	0.9276200	0.9473300	0.9571200	0.9429700	0.9278500	0.9289000	0.9404600	0.9535800	0.9653900	0.9711700	0.9666700	0.9551600	0.9444500	0.9450300	0.9518000	0.9462900	0.9305400	0.9197400	0.9169300	0.9167500	0.9160800	0.9195400	0.9301600	0.9395200	0.9374100	0.9254700	0.9178000	0.9219600	0.9265000	0.9224500	0.9206100	0.9345600	0.9581800	0.9691800	0.9600000	0.9477600	0.9467700	0.9492200	0.9467600	0.9466000	0.9506900	0.9522500	0.9479000	0.9403100	0.9383100	0.9416500	0.9409900	0.9382500	0.9398700	0.9415600	0.9371800	0.9324900	0.9380700	0.9498600	0.9534700	0.9487700	0.9450400	0.9448200	0.9478300	0.9512900	0.9482300	0.9424900	0.9441300	0.9468800	0.9451300	0.9483200	0.9541300	0.9539000	0.9496400	0.9442100	0.9414400	0.9447900	0.9494400	0.9482300	0.9396600	0.9300300	0.9302000	0.9431400	0.9554300	0.9540400	0.9443200	0.9389300	0.9390300	0.9393400	0.9414200	0.9449100	0.9444300	0.9416500	0.9406400	0.9410100	0.9423100	0.9464300	0.9540500	0.9584700	0.9532000	0.9449200	0.9424700	0.9433000	0.9448100	0.9503300	0.9542600	0.9497200	0.9437000	0.9420100	0.9420400	0.9415900	0.9412700	0.9454700	0.9539800	0.9587500	0.9583900	0.9562600	0.9540700	0.9534000	0.9498600	0.9410700	0.9357900	0.9408900	0.9512400	0.9579700	0.9597400	0.9582200	0.9516200	0.9435000	0.9420600	0.9453400	0.9450700	0.9421200	0.9415200	0.9425000	0.9438500	0.9460400	0.9472800	0.9465300	0.9449300	0.9440800	0.9459900	0.9485000	0.9495100	0.9504000	0.9482600	0.9427800	0.9419200	0.9470800	0.9485600	0.9442400	0.9433100	0.9452700	0.9431000	0.9397000	0.9388200	0.9384900	0.9383500	0.9406300	0.9444500	0.9447300	0.9414800	0.9403400	0.9417500	0.9441500	0.9487900	0.9540000	0.9572200	0.9570700	0.9539800	0.9516100	0.9509200	0.9498700	0.9476300	0.9464900	0.9490700	0.9519100	0.9509600	0.9495500	0.9506400	0.9518100	0.9509900	0.9481000	0.9450700	0.9449300	0.9476200	0.9505300	0.9506500	0.9490600	0.9494300	0.9505300	0.9497000	0.9481900	0.9465600	0.9438700	0.9427800	0.9445600	0.9453400	0.9441500	0.9452000	0.9492400	0.9508400	0.9490500	0.9482600	0.9487900	0.9492800	0.9495400	0.9478200	0.9438800	0.9416200	0.9431900	0.9471700	0.9521000	0.9541000	0.9508400	0.9456300	0.9422900	0.9427800	0.9463900	0.9507100	0.9532200	0.9529200	0.9518100	0.9505600	0.9475400	0.9449900	0.9459900	0.9482500	0.9498800	0.9507200	0.9493900	0.9478000	0.9481800	0.9470900	0.9438000	0.9436400	0.9454700	0.9439800	0.9418400	0.9418900	0.9415000	0.9409600	0.9416600	0.9427400	0.9445300	0.9464900	0.9473500	0.9483400	0.9497200	0.9502300	0.9490500	0.9478100	0.9487300	0.9499400	0.9500200	0.9481800	0.9424600	0.9381100	0.9405200	0.9456100	0.9483700	0.9485100	0.9481100	0.9487900	0.9489600	0.9471900	0.9461300	0.9481600	0.9513900	0.9526300	0.9526200	0.9535900	0.9547700	0.9531900	0.9481100	0.9437100	0.9436500	0.9464800	0.9497400	0.9521600	0.9521100	0.9497300	0.9469100	0.9449200	0.9448100	0.9454200	0.9455100	0.9468200	0.9475300	0.9441000	0.9399000	0.9410200	0.9463900	0.9496100	0.9485400	0.9467600	0.9469400	0.9474100	0.9463200	0.9450900	0.9457800	0.9482900	0.9500500	0.9492100	0.9471300	0.9461300	0.9467400	0.9472500	0.9457100	0.9425800	0.9411700	0.9441600	0.9488800	0.9511400	0.9514900	0.9506700	0.9485500	0.9471300	0.9467200	0.9462800	0.9456800	0.9444400	0.9437100	0.9453900	0.9478600	0.9490000	0.9490200	0.9475200	0.9452800	0.9447800	0.9466500	0.9490300	0.9487000	0.9456700	0.9435100	0.9439300	0.9457800	0.9472300	0.9480300	0.9484900	0.9486500	0.9489300	0.9483200	0.9467500	0.9464200	0.9478000	0.9488200	0.9480500	0.9468900	0.9464900	0.9460000	0.9451600	0.9445900	0.9441200	0.9428800	0.9413800	0.9416300	0.9430800	0.9430300	0.9416000	0.9414000	0.9432200	0.9446900	0.9444400	0.9445000	0.9453900	0.9449800	0.9434900	0.9437600	0.9464000	0.9488300	0.9484600	0.9457300	0.9444400	0.9470300	0.9498500	0.9490000	0.9471000	0.9467400	0.9464000	0.9456100	0.9454000	0.9457900	0.9457900	0.9444800	0.9421100	0.9405100	0.9421800	0.9465600	0.9499200	0.9499700	0.9483500	0.9477000	0.9476400	0.9463100	0.9451800	0.9460200	0.9471500	0.9479800	0.9488200	0.9488300	0.9491800	0.9499200	0.9494500	0.9486500	0.9478300	0.9463400	0.9454200	0.9455400	0.9460100	0.9470700	0.9482200	0.9482400	0.9481600	0.9487400	0.9479000	0.9451800	0.9437100	0.9451600	0.9477600	0.9486800	0.9465100	0.9438600	0.9437300	0.9450300	0.9458700	0.9466200	0.9467800	0.9447300	0.9424100	0.9430000	0.9458400	0.9486200	0.9504200	0.9515400	0.9515800	0.9495500	0.9463400	0.9442100	0.9446500	0.9469700	0.9481300	0.9470200	0.9467100	0.9481300	0.9485100	0.9482700	0.9480900	0.9469100	0.9465500	0.9477100	0.9486100	0.9482100	0.9463400	0.9451800	0.9465000	0.9477200	0.9475900	0.9481800	0.9486500	0.9484700	0.9496900	0.9511400	0.9504200	0.9483900	0.9471700	0.9469800	0.9468100	0.9472300	0.9482300	0.9474400	0.9455300	0.9453800	0.9464700	0.9469700	0.9467800	0.9467000	0.9471200	0.9474600	0.9476200	0.9485000	0.9492700	0.9483500	0.9470000	0.9478800	0.9506700	0.9520600	0.9513400	0.9509100	0.9502900	0.9486100	0.9479000	0.9481200	0.9473600	0.9460800	0.9457200	0.9464700	0.9475000	0.9487400	0.9507100	0.9524300	0.9524400	0.9512900	0.9505600	0.9503100	0.9496300	0.9489900	0.9489600	0.9489800	0.9490500	0.9486300	0.9470400	0.9462700	0.9481800	0.9503500	0.9498300	0.9482700	0.9482600	0.9493100	0.9499200	0.9502300	0.9504600	0.9502800	0.9507000	0.9518800	0.9514100	0.9487800	0.9461600	0.9447200	0.9448500	0.9467600	0.9487400	0.9490100	0.9492600	0.9511600	0.9528100	0.9523200	0.9506600	0.9496600	0.9503200	0.9518300	0.9514600	0.9491900	0.9480100	0.9487000	0.9493800	0.9486300	0.9475200	0.9476400	0.9483800	0.9482600	0.9473900	0.9464100	0.9453200	0.9453400	0.9471200	0.9484500	0.9480400	0.9474000	0.9479400	0.9483000	0.9475800	0.9476100	0.9486000	0.9488100	0.9475200	0.9455300	0.9450700	0.9464800	0.9473200	0.9464100	0.9456400	0.9464300	0.9465800	0.9446500	0.9432300	0.9440500	0.9463500	0.9486900	0.9496300	0.9484700	0.9467200	0.9470200	0.9492600	0.9509900	0.9516500	0.9515300	0.9502900	0.9492600	0.9494200	0.9498100	0.9495600	0.9482800	0.9474800	0.9488700	0.9504500	0.9497100	0.9479500	0.9478900	0.9491100	0.9487700	0.9467600	0.9456700	0.9463100	0.9480000	0.9506200	0.9529300	0.9534700	0.9525300	0.9508500	0.9496600	0.9494500	0.9498700	