function [ Trkoe ] = TrkoVer5312()
Tk = [
0.89652
0.89456
0.89376
0.89337
0.89179
0.89041
0.89132
0.89330
0.89502
0.89694
0.89865
0.89861
0.89600
0.89409
0.89603
0.89805
0.89583
0.89222
0.89224
0.89493
0.89575
0.89285
0.88916
0.88974
0.89484
0.90042
0.90301
0.90137
0.89820
0.89712
0.89735
0.89503
0.89115
0.89082
0.89442
0.89819
0.89997
0.89902
0.89543
0.89268
0.89318
0.89387
0.89341
0.89360
0.89414
0.89471
0.89632
0.89627
0.89235
0.89018
0.89300
0.89599
0.89583
0.89464
0.89563
0.89772
0.89782
0.89584
0.89315
0.89118
0.89114
0.89336
0.89601
0.89570
0.89215
0.88883
0.88850
0.89022
0.89125
0.88993
0.88720
0.88566
0.88526
0.88574
0.88912
0.89393
0.89638
0.89626
0.89484
0.89324
0.89377
0.89609
0.89636
0.89393
0.89137
0.88963
0.88960
0.89102
0.89187
0.89207
0.89178
0.89008
0.88854
0.88907
0.89094
0.89180
0.89163
0.89381
0.89752
0.89675
0.89197
0.88878
0.88752
0.88717
0.88901
0.89090
0.89017
0.88899
0.89011
0.89171
0.88988
0.88649
0.88681
0.88950
0.88991
0.88879
0.88786
0.88719
0.88903
0.89422
0.89859
0.89837
0.89509
0.89262
0.89307
0.89588
0.89816
0.89783
0.89515
0.89118
0.88799
0.88693
0.88636
0.88493
0.88457
0.88629
0.88759
0.88717
0.88691
0.88859
0.89080
0.89090
0.88905
0.88805
0.88936
0.89074
0.88948
0.88815
0.89021
0.89323
0.89512
0.89733
0.89850
0.89786
0.89804
0.89775
0.89281
0.88585
0.88245
0.88281
0.88594
0.89141
0.89636
0.89900
0.90014
0.89930
0.89591
0.89202
0.88975
0.88921
0.88879
0.88658
0.88431
0.88548
0.88818
0.88831
0.88756
0.88815
0.88806
0.88676
0.88498
0.88284
0.88278
0.88527
0.88712
0.88740
0.88714
0.88780
0.89005
0.89112
0.88988
0.88938
0.89109
0.89325
0.89272
0.88954
0.88769
0.88830
0.88903
0.88846
0.88735
0.88821
0.89191
0.89610
0.89922
0.90159
0.90294
0.90182
0.89790
0.89467
0.89546
0.89899
0.90086
0.89827
0.89361
0.89102
0.89066
0.88967
0.88754
0.88576
0.88603
0.88794
0.88878
0.88818
0.88776
0.88803
0.88860
0.88859
0.88813
0.88847
0.88953
0.89006
0.89009
0.89038
0.89057
0.89037
0.88976
0.88882
0.88911
0.89030
0.88880
0.88572
0.88567
0.88707
0.88726
0.88946
0.89464
0.89875
0.90042
0.90114
0.90125
0.89862
0.89221
0.88609
0.88491
0.88782
0.89018
0.88929
0.88736
0.88729
0.88793
0.88810
0.88841
0.88836
0.88864
0.89067
0.89173
0.89090
0.89148
0.89244
0.89205
0.89274
0.89421
0.89367
0.89078
0.88669
0.88356
0.88351
0.88680
0.89124
0.89312
0.89210
0.89285
0.89671
0.89717
0.89178
0.88718
0.88684
0.88824
0.89065
0.89323
0.89353
0.89264
0.89270
0.89410
0.89542
0.89515
0.89369
0.89140
0.88913
0.88865
0.89010
0.89155
0.89163
0.89092
0.88983
0.88912
0.88964
0.89038
0.89145
0.89337
0.89390
0.89212
0.89059
0.89028
0.89019
0.89080
0.89245
0.89458
0.89561
0.89409
0.89137
0.88985
0.89018
0.89014
0.88759
0.88544
0.88703
0.88980
0.89026
0.88953
0.89022
0.89370
0.89821
0.89955
0.89762
0.89644
0.89660
0.89442
0.89008
0.88795
0.88823
0.88882
0.88999
0.89030
0.88843
0.88716
0.88734
0.88801
0.89019
0.89202
0.89033
0.88813
0.88839
0.88955
0.89007
0.89048
0.89138
0.89067
0.88819
0.88829
0.89118
0.89308
0.89271
0.89114
0.88981
0.88937
0.88989
0.89065
0.89052
0.88969
0.88911
0.88969
0.89166
0.89445
0.89717
0.89813
0.89729
0.89759
0.89979
0.90025
0.89680
0.89290
0.89192
0.89168
0.88943
0.88736
0.88792
0.88883
0.88801
0.88702
0.88723
0.88888
0.89048
0.88963
0.88749
0.88690
0.88797
0.88909
0.88876
0.88711
0.88592
0.88664
0.88823
0.88925
0.88971
0.88942
0.88965
0.89208
0.89452
0.89412
0.89175
0.88989
0.88940
0.89000
0.89147
0.89254
0.89191
0.89164
0.89300
0.89329
0.89296
0.89459
0.89722
0.89848
0.89728
0.89495
0.89377
0.89396
0.89460
0.89513
0.89467
0.89261
0.89092
0.89126
0.89181
0.89126
0.89033
0.88998
0.89114
0.89329
0.89433
0.89340
0.89231
0.89255
0.89289
0.89256
0.89186
0.89100
0.89065
0.89088
0.89129
0.89224
0.89358
0.89348
0.89193
0.89204
0.89382
0.89476
0.89535
0.89614
0.89588
0.89511
0.89569
0.89678
0.89652
0.89587
0.89644
0.89759
0.89780
0.89689
0.89562
0.89429
0.89317
0.89261
0.89234
0.89270
0.89373
0.89393
0.89340
0.89367
0.89419
0.89467
0.89576
0.89589
0.89437
0.89305
0.89286
0.89350
0.89493
0.89657
0.89649
0.89402
0.89175
0.89179
0.89313
0.89511
0.89723
0.89747
0.89596
0.89451
0.89375
0.89424
0.89539
0.89545
0.89450
0.89386
0.89385
0.89443
0.89537
0.89572
0.89533
0.89489
0.89459
0.89391
0.89323
0.89409
0.89549
0.89531
0.89468
0.89485
0.89475
0.89466
0.89564
0.89609
0.89555
0.89585
0.89612
0.89514
0.89435
0.89452
0.89527
0.89662
0.89776
0.89750
0.89636
0.89567
0.89599
0.89673
0.89673
0.89647
0.89684
0.89705
0.89715
0.89751
0.89698
0.89607
0.89702
0.89916
0.89959
0.89755
0.89528
0.89484
0.89591
0.89750
0.89899
0.89966
0.89908
0.89783
0.89714
0.89696
0.89659
0.89612
0.89518
0.89395
0.89368
0.89461
0.89637
0.89825
0.89913
0.89911
0.89942
0.90034
0.90047
0.89897
0.89674
0.89517
0.89508
0.89638
0.89745
0.89730
0.89698
0.89627
0.89460
0.89356
0.89424
0.89562
0.89582
0.89525
0.89643
0.89899
0.90028
0.89965
0.89837
0.89780
0.89790
0.89760
0.89655
0.89571
0.89600
0.89676
0.89695
0.89698
0.89730
0.89757
0.89732
0.89711
0.89778
0.89856
0.89878
0.89911
0.89924
0.89800
0.89644
0.89674
0.89819
0.89838
0.89734
0.89619
0.89513
0.89495
0.89604
0.89727
0.89812
0.89902
0.89992
0.90036
0.89997
0.89904
0.89837
0.89827
0.89805
0.89742
0.89719
0.89782
0.89891
0.89991
0.90051
0.90060
0.90003
0.89912
0.89857
0.89856
0.89894
0.89955
0.89931
0.89755
0.89598
0.89610
0.89701
0.89736
0.89750
0.89794
0.89827
0.89866
0.89939
0.89957
0.89845
0.89691
0.89711
0.89892
0.89906
0.89665
0.89540
0.89721
0.89968
0.90091
0.90129
0.90142
0.90146
0.90097
0.89990
0.89947
0.90004
0.90034
0.90003
0.89983
0.89954
0.89899
0.89954
0.90158
0.90266
0.90098
0.89866
0.89819
0.89851
0.89799
0.89719
0.89686
0.89684
0.89702
0.89698
0.89687
0.89779
0.89930
0.89997
0.89970
0.89895
0.89866
0.89963
0.90088
0.90095
0.90001
0.89964
0.90028
0.90056
0.89994
0.89927
0.89928
0.89994
0.90035
0.89962
0.89843
0.89825
0.89879
0.89924
0.89994
0.90087
0.90101
0.89996
0.89896
0.89868
0.89858
0.89901
0.89996
0.90014
0.89962
0.89987
0.90124
0.90267
0.90323
0.90231
0.90042
0.89923
0.89928
0.90014
0.90138
0.90195
0.90150
0.90141
0.90235
0.90304
0.90236
0.90125
0.90051
0.89962
0.89869
0.89807
0.89763
0.89784
0.89881
0.89977
0.90043
0.90085
0.90099
0.90117
0.90153
0.90155
0.90076
0.89958
0.89921
0.89966
0.90044
0.90175
0.90247
0.90147
0.90010
0.90014
0.90132
0.90193
0.90141
0.90086
0.90066
0.90057
0.90139
0.90299
0.90308
0.90159
0.90121
0.90173
0.90118
0.90066
0.90134
0.90170
0.90119
0.90042
0.89964
0.90002
0.90210
0.90366
0.90297
0.90141
0.90068
0.90081
0.90092
0.90064
0.90076
0.90139
0.90204
0.90283
0.90315
0.90217
0.90115
0.90150
0.90250
0.90260
0.90200
0.90219
0.90280
0.90257
0.90227
0.90262
0.90287
0.90231
0.90129
0.90102
0.90191
0.90291
0.90311
0.90293
0.90278
0.90243
0.90192
0.90146
0.90120
0.90083
0.90021
0.90010
0.90060
0.90101
0.90139
0.90213
0.90317
0.90407
0.90408
0.90319
0.90219
0.90167
0.90223
0.90328
0.90313
0.90194
0.90064
0.89965
0.89987
0.90098
0.90119
0.89981
0.89857
0.89975
0.90255
0.90431
0.90445
0.90396
0.90355
0.90336
0.90303
0.90249
0.90221
0.90269
0.90373
0.90418
0.90330
0.90171
0.90060
0.90098
0.90234
0.90303
0.90358
0.90516
0.90620
0.90528
0.90367
0.90347
0.90466
0.90503
0.90385
0.90219
0.90167
0.90312
0.90497
0.90538
0.90480
0.90460
