function [ Trkoe ] = TrkoVer5552()
Tk = [
1.03004
1.03204
1.03281
1.03188
1.03014
1.02996
1.03191
1.03198
1.02915
1.02807
1.02972
1.03164
1.03182
1.02869
1.02485
1.02398
1.02593
1.02828
1.02829
1.02656
1.02611
1.02717
1.02812
1.02823
1.02630
1.02228
1.02028
1.02351
1.02761
1.02773
1.02661
1.02639
1.02552
1.02537
1.02718
1.02939
1.02911
1.02596
1.02557
1.03001
1.03344
1.03284
1.03100
1.03019
1.02983
1.02804
1.02590
1.02696
1.03099
1.03329
1.03138
1.02866
1.02824
1.02799
1.02576
1.02375
1.02525
1.02968
1.03388
1.03585
1.03564
1.03488
1.03381
1.03092
1.02645
1.02334
1.02433
1.02779
1.02938
1.02861
1.02799
1.02779
1.02759
1.02746
1.02635
1.02370
1.02173
1.02386
1.02854
1.03147
1.03308
1.03358
1.03116
1.02788
1.02652
1.02496
1.02224
1.02285
1.02749
1.03129
1.03176
1.02986
1.02887
1.03072
1.03260
1.03223
1.02984
1.02641
1.02475
1.02697
1.03086
1.03230
1.03070
1.02954
1.02978
1.02800
1.02493
1.02539
1.02848
1.02908
1.02718
1.02706
1.02993
1.03185
1.03062
1.02976
1.03040
1.03091
1.03196
1.03202
1.02851
1.02441
1.02415
1.02802
1.03248
1.03445
1.03472
1.03338
1.02979
1.02614
1.02366
1.02242
1.02311
1.02529
1.02516
1.02127
1.01996
1.02341
1.02607
1.02603
1.02650
1.02867
1.03053
1.03011
1.02776
1.02669
1.02829
1.02958
1.02846
1.02592
1.02428
1.02613
1.03074
1.03238
1.02832
1.02348
1.02310
1.02556
1.02653
1.02604
1.02533
1.02379
1.02279
1.02343
1.02336
1.02315
1.02473
1.02394
1.01955
1.01784
1.02075
1.02359
1.02464
1.02541
1.02700
1.03109
1.03459
1.03180
1.02625
1.02429
1.02615
1.02879
1.02879
1.02710
1.02549
1.02390
1.02385
1.02475
1.02350
1.02184
1.02384
1.02827
1.03047
1.02828
1.02455
1.02249
1.02189
1.02241
1.02337
1.02253
1.02077
1.02109
1.02204
1.02207
1.02392
1.02708
1.02716
1.02438
1.02315
1.02406
1.02409
1.02251
1.02182
1.02434
1.02802
1.02868
1.02555
1.02179
1.01961
1.01803
1.01734
1.01924
1.02310
1.02741
1.03025
1.02981
1.02711
1.02547
1.02574
1.02610
1.02589
1.02470
1.02235
1.02057
1.02172
1.02495
1.02642
1.02706
1.02960
1.03072
1.02838
1.02585
1.02470
1.02437
1.02415
1.02319
1.02258
1.02342
1.02490
1.02669
1.02782
1.02755
1.02641
1.02437
1.02270
1.02267
1.02352
1.02476
1.02575
1.02594
1.02643
1.02674
1.02432
1.02104
1.02037
1.02108
1.02256
1.02462
1.02479
1.02421
1.02558
1.02764
1.02861
1.02885
1.02829
1.02699
1.02578
1.02410
1.02240
1.02224
1.02333
1.02491
1.02553
1.02404
1.02216
1.02115
1.02035
1.02014
1.02147
1.02289
1.02274
1.02337
1.02607
1.02785
1.02856
1.02958
1.02800
1.02370
1.02049
1.01952
1.02088
1.02420
1.02718
1.02763
1.02529
1.02239
1.02049
1.01947
1.02071
1.02436
1.02631
1.02445
1.02202
1.02146
1.02172
1.02176
1.02139
1.02151
1.02389
1.02735
1.02848
1.02685
1.02458
1.02289
1.02127
1.02001
1.02038
1.02125
1.02126
1.02145
1.02277
1.02479
1.02627
1.02583
1.02384
1.02261
1.02372
1.02592
1.02595
1.02334
1.02231
1.02331
1.02222
1.02003
1.01987
1.02042
1.02026
1.02097
1.02427
1.02749
1.02711
1.02552
1.02505
1.02437
1.02379
1.02433
1.02532
1.02616
1.02583
1.02344
1.02112
1.02169
1.02445
1.02630
1.02629
1.02540
1.02375
1.02175
1.02069
1.02074
1.02171
1.02359
1.02465
1.02376
1.02291
1.02236
1.02160
1.02248
1.02372
1.02326
1.02339
1.02443
1.02375
1.02230
1.02243
1.02345
1.02366
1.02242
1.02090
1.02041
1.02067
1.02229
1.02490
1.02562
1.02421
1.02283
1.02253
1.02328
1.02458
1.02516
1.02422
1.02362
1.02421
1.02336
1.02093
1.02046
1.02229
1.02312
1.02297
1.02372
1.02460
1.02546
1.02642
1.02606
1.02490
1.02471
1.02464
1.02411
1.02482
1.02591
1.02537
1.02498
1.02650
1.02796
1.02718
1.02553
1.02519
1.02488
1.02275
1.02115
1.02225
1.02397
1.02424
1.02323
1.02207
1.02141
1.02056
1.02029
1.02211
1.02425
1.02412
1.02284
1.02230
1.02158
1.02159
1.02445
1.02668
1.02530
1.02349
1.02342
1.02432
1.02533
1.02493
1.02286
1.02171
1.02320
1.02500
1.02441
1.02292
1.02314
1.02423
1.02361
1.02241
1.02306
1.02406
1.02365
1.02337
1.02470
1.02606
1.02619
1.02580
1.02467
1.02300
1.02207
1.02163
1.02094
1.01951
1.01842
1.02023
1.02388
1.02583
1.02628
1.02718
1.02815
1.02811
1.02710
1.02566
1.02415
1.02316
1.02384
1.02533
1.02564
1.02566
1.02641
1.02687
1.02674
1.02622
1.02522
1.02364
1.02222
1.02200
1.02287
1.02451
1.02618
1.02634
1.02530
1.02453
1.02317
1.02095
1.02063
1.02276
1.02482
1.02531
1.02457
1.02394
1.02365
1.02320
1.02315
1.02284
1.02167
1.02087
1.02084
1.02132
1.02216
1.02282
1.02297
1.02322
1.02406
1.02435
1.02325
1.02231
1.02300
1.02426
1.02431
1.02305
1.02185
1.02221
1.02434
1.02619
1.02621
1.02527
1.02469
1.02461
1.02443
1.02460
1.02613
1.02704
1.02539
1.02304
1.02177
1.02224
1.02430
1.02541
1.02427
1.02238
1.02137
1.02177
1.02294
1.02385
1.02445
1.02493
1.02415
1.02221
1.02148
1.02303
1.02555
1.02706
1.02653
1.02510
1.02421
1.02348
1.02296
1.02336
1.02386
1.02398
1.02443
1.02489
1.02451
1.02367
1.02369
1.02470
1.02527
1.02492
1.02495
1.02546
1.02437
1.02195
1.02125
1.02272
1.02390
1.02396
1.02389
1.02345
1.02236
1.02189
1.02258
1.02314
1.02307
1.02341
1.02425
1.02531
1.02702
1.02861
1.02897
1.02862
1.02830
1.02730
1.02509
1.02342
1.02390
1.02500
1.02500
1.02467
1.02478
1.02464
1.02365
1.02225
1.02203
1.02354
1.02487
1.02503
1.02514
1.02496
1.02389
1.02316
1.02387
1.02504
1.02475
1.02312
1.02252
1.02363
1.02426
1.02351
1.02268
1.02174
1.02064
1.02116
1.02342
1.02478
1.02407
1.02293
1.02211
1.02099
1.02036
1.02149
1.02293
1.02248
1.02155
1.02213
1.02308
1.02340
1.02360
1.02378
1.02384
1.02319
1.02184
1.02184
1.02355
1.02515
1.02602
1.02637
1.02614
1.02523
1.02430
1.02433
1.02452
1.02409
1.02393
1.02486
1.02597
1.02552
1.02394
1.02325
1.02388
1.02465
1.02436
1.02330
1.02294
1.02381
1.02529
1.02624
1.02632
1.02653
1.02658
1.02518
1.02339
1.02362
1.02551
1.02639
1.02572
1.02493
1.02423
1.02328
1.02283
1.02312
1.02282
1.02196
1.02224
1.02370
1.02456
1.02393
1.02246
1.02169
1.02244
1.02362
1.02447
1.02504
1.02473
1.02391
1.02453
1.02626
1.02641
1.02468
1.02286
1.02203
1.02220
1.02290
1.02393
1.02464
1.02402
1.02281
1.02298
1.02389
1.02368
1.02310
1.02342
1.02406
1.02337
1.02181
1.02143
1.02126
1.02026
1.02004
1.02109
1.02214
1.02253
1.02295
1.02408
1.02522
1.02497
1.02379
1.02329
1.02351
1.02345
1.02273
1.02199
1.02187
1.02231
1.02320
1.02378
1.02342
1.02333
1.02404
1.02442
1.02451
1.02458
1.02430
1.02429
1.02499
1.02583
1.02599
1.02524
1.02395
1.02251
1.02145
1.02116
1.02148
1.02181
1.02191
1.02201
1.02202
1.02227
1.02367
1.02578
1.02675
1.02531
1.02251
1.02086
1.02119
1.02204
1.02276
1.02372
1.02414
1.02383
1.02378
1.02362
1.02254
1.02144
1.02126
1.02174
1.02209
1.02232
1.02295
1.02317
1.02254
1.02236
1.02294
1.02326
1.02313
1.02332
1.02387
1.02369
1.02271
1.02228
1.02279
1.02348
1.02366
1.02303
1.02237
1.02235
1.02218
1.02205
1.02303
1.02453
1.02572
1.02585
1.02460
1.02372
1.02416
1.02439
1.02348
1.02302
1.02418
1.02507
1.02414
1.02298
1.02318
1.02388
1.02360
1.02228
1.02123
1.02150
1.02207
1.02155
1.02051
1.02054
1.02238
1.02447
1.02459
1.02289
1.02189
1.02276
1.02431
1.02533
1.02516
1.02459
1.02465
1.02492
1.02498
1.02433
1.02276
1.02182
1.02254
1.02352
1.02395
1.02419
1.02364
1.02262
1.02240
1.02247
1.02222
1.02220
1.02209
1.02157
1.02183
1.02294
1.02400
1.02491
1.02518
1.02452
1.02377
1.02331
1.02282
1.02266
1.02331
1.02352
1.02227
1.02118
1.02224
1.02412
1.02424
1.02306
1.02238
1.02268
