function [ Trkoe ] = TrkoVer5691()
Tk = [
0.98359
0.98188
0.98140
0.98114
0.98168
0.98291
0.98173
0.97898
0.97817
0.97811
0.97714
0.97713
0.97916
0.98127
0.98205
0.98312
0.98429
0.98276
0.97860
0.97415
0.97201
0.97326
0.97608
0.97752
0.97712
0.97752
0.97932
0.98009
0.97915
0.97775
0.97683
0.97650
0.97736
0.97867
0.97769
0.97589
0.97694
0.97786
0.97537
0.97368
0.97620
0.97986
0.98222
0.98274
0.98092
0.97893
0.97793
0.97719
0.97725
0.97799
0.97889
0.97957
0.97955
0.97920
0.97883
0.97802
0.97698
0.97654
0.97571
0.97451
0.97617
0.98046
0.98233
0.98045
0.97817
0.97595
0.97365
0.97359
0.97543
0.97673
0.97677
0.97691
0.97791
0.97807
0.97632
0.97316
0.97194
0.97591
0.98082
0.98161
0.98008
0.98050
0.98397
0.98538
0.98101
0.97632
0.97770
0.98337
0.98552
0.98162
0.97764
0.97695
0.97715
0.97697
0.97742
0.97734
0.97568
0.97493
0.97573
0.97599
0.97567
0.97560
0.97609
0.97697
0.97678
0.97584
0.97640
0.97726
0.97709
0.97773
0.97799
0.97517
0.97087
0.96853
0.96974
0.97434
0.97900
0.97880
0.97522
0.97403
0.97634
0.97822
0.97691
0.97527
0.97550
0.97539
0.97448
0.97393
0.97321
0.97295
0.97355
0.97341
0.97293
0.97344
0.97519
0.97697
0.97621
0.97418
0.97378
0.97495
0.97718
0.97887
0.97865
0.97784
0.97718
0.97701
0.97875
0.98167
0.98232
0.97925
0.97537
0.97346
0.97393
0.97580
0.97693
0.97686
0.97743
0.97821
0.97770
0.97620
0.97296
0.96895
0.97011
0.97645
0.97853
0.97421
0.97126
0.97099
0.97188
0.97405
0.97494
0.97308
0.97216
0.97428
0.97623
0.97549
0.97395
0.97362
0.97435
0.97561
0.97631
0.97547
0.97348
0.97053
0.96838
0.96979
0.97161
0.97019
0.96875
0.96950
0.97160
0.97483
0.97672
0.97548
0.97332
0.97255
0.97347
0.97436
0.97367
0.97257
0.97316
0.97403
0.97367
0.97494
0.97831
0.97964
0.97750
0.97447
0.97380
0.97443
0.97418
0.97445
0.97609
0.97769
0.97799
0.97617
0.97351
0.97251
0.97319
0.97474
0.97624
0.97648
0.97622
0.97584
0.97585
0.97748
0.97870
0.97752
0.97534
0.97355
0.97299
0.97458
0.97645
0.97547
0.97247
0.97099
0.97171
0.97249
0.97301
0.97392
0.97461
0.97567
0.97665
0.97566
0.97323
0.97127
0.97057
0.97093
0.97239
0.97478
0.97716
0.97853
0.97804
0.97657
0.97590
0.97527
0.97362
0.97194
0.97065
0.96930
0.96870
0.96980
0.97135
0.97242
0.97374
0.97448
0.97429
0.97534
0.97809
0.97999
0.97876
0.97562
0.97440
0.97670
0.97812
0.97441
0.96759
0.96311
0.96452
0.96857
0.97083
0.97253
0.97393
0.97357
0.97376
0.97447
0.97336
0.97243
0.97387
0.97446
0.97172
0.96942
0.97026
0.97233
0.97423
0.97544
0.97537
0.97486
0.97420
0.97347
0.97348
0.97377
0.97310
0.97128
0.96854
0.96574
0.96552
0.96908
0.97355
0.97527
0.97389
0.97262
0.97297
0.97335
0.97307
0.97218
0.97098
0.97106
0.97310
0.97449
0.97331
0.97186
0.97140
0.97019
0.96880
0.96920
0.97067
0.97145
0.97091
0.96954
0.96875
0.96945
0.97092
0.97126
0.97023
0.97047
0.97190
0.97145
0.97011
0.97009
0.97039
0.97058
0.96986
0.96721
0.96570
0.96731
0.96973
0.97144
0.97249
0.97176
0.96905
0.96750
0.96862
0.96985
0.96984
0.96998
0.97086
0.97045
0.96794
0.96642
0.96785
0.97010
0.97097
0.97079
0.97100
0.97142
0.97001
0.96711
0.96530
0.96501
0.96627
0.96893
0.97058
0.97125
0.97374
0.97579
0.97366
0.97014
0.96997
0.97331
0.97656
0.97599
0.97342
0.97311
0.97447
0.97486
0.97434
0.97330
0.97147
0.97013
0.97038
0.97083
0.97096
0.97220
0.97321
0.97165
0.97038
0.97183
0.97244
0.97037
0.96875
0.96882
0.96928
0.97018
0.97139
0.97236
0.97246
0.97107
0.97067
0.97243
0.97311
0.97287
0.97389
0.97420
0.97179
0.96855
0.96626
0.96523
0.96664
0.96971
0.97132
0.97091
0.97014
0.97003
0.97001
0.96924
0.96828
0.96809
0.96833
0.96778
0.96736
0.96867
0.96964
0.96859
0.96773
0.96848
0.96982
0.97073
0.97084
0.97055
0.97033
0.97030
0.97058
0.97157
0.97280
0.97276
0.97134
0.96948
0.96848
0.96921
0.97018
0.97082
0.97190
0.97265
0.97284
0.97242
0.97185
0.97201
0.97189
0.97184
0.97257
0.97183
0.96942
0.96786
0.96827
0.96999
0.97158
0.97228
0.97210
0.97144
0.97082
0.97030
0.96979
0.96899
0.96864
0.97031
0.97304
0.97346
0.97127
0.96987
0.97050
0.97154
0.97213
0.97221
0.97147
0.97035
0.96956
0.96918
0.96997
0.97156
0.97215
0.97222
0.97250
0.97177
0.96979
0.96836
0.96914
0.97090
0.97148
0.97079
0.96928
0.96746
0.96639
0.96621
0.96727
0.96955
0.97092
0.97063
0.97027
0.97074
0.97099
0.97007
0.96988
0.97165
0.97321
0.97277
0.97048
0.96770
0.96613
0.96685
0.96976
0.97239
0.97263
0.97210
0.97225
0.97222
0.97130
0.96938
0.96760
0.96790
0.97013
0.97194
0.97188
0.97069
0.96969
0.96985
0.97098
0.97113
0.96977
0.96917
0.97028
0.97156
0.97212
0.97111
0.96842
0.96615
0.96543
0.96676
0.96997
0.97202
0.97092
0.96846
0.96794
0.97001
0.97149
0.97111
0.97060
0.97048
0.96975
0.96847
0.96858
0.97014
0.97040
0.96847
0.96703
0.96742
0.96787
0.96779
0.96841
0.96961
0.96982
0.96866
0.96751
0.96717
0.96771
0.96853
0.96839
0.96805
0.96877
0.96937
0.96870
0.96821
0.96944
0.97121
0.97097
0.96870
0.96783
0.96963
0.97089
0.97023
0.96990
0.97017
0.96968
0.96958
0.97033
0.97022
0.96911
0.96789
0.96732
0.96858
0.97082
0.97177
0.97094
0.96964
0.96933
0.96970
0.96963
0.96919
0.96944
0.97079
0.97125
0.96986
0.96882
0.96895
0.96952
0.97069
0.97189
0.97143
0.96942
0.96777
0.96765
0.96899
0.97021
0.97015
0.97043
0.97214
0.97333
0.97188
0.96937
0.96862
0.96894
0.96913
0.96987
0.97094
0.97145
0.97102
0.97006
0.97047
0.97270
0.97421
0.97385
0.97233
0.97089
0.97101
0.97156
0.97121
0.97115
0.97135
0.97079
0.97014
0.96989
0.96987
0.97016
0.97035
0.97008
0.96965
0.96953
0.96991
0.96990
0.96851
0.96694
0.96711
0.96894
0.97082
0.97168
0.97151
0.97074
0.96967
0.96878
0.96852
0.96838
0.96811
0.96807
0.96818
0.96868
0.96969
0.97094
0.97200
0.97181
0.97074
0.97125
0.97342
0.97364
0.97060
0.96813
0.96863
0.97028
0.97141
0.97189
0.97195
0.97154
0.97049
0.96967
0.96936
0.96900
0.96910
0.96962
0.96969
0.96967
0.97025
0.97085
0.97063
0.96991
0.96917
0.96899
0.97014
0.97105
0.96999
0.96873
0.96900
0.96913
0.96797
0.96728
0.96810
0.96952
0.97062
0.97110
0.97088
0.97036
0.97017
0.97009
0.96984
0.96996
0.97106
0.97259
0.97311
0.97245
0.97109
0.97002
0.97107
0.97277
0.97213
0.97031
0.97019
0.97167
0.97258
0.97226
0.97186
0.97177
0.97119
0.97054
0.97065
0.97044
0.96930
0.96847
0.96895
0.97033
0.97120
0.97128
0.97164
0.97283
0.97369
0.97309
0.97204
0.97149
0.97098
0.97091
0.97141
0.97119
0.97070
0.97144
0.97276
0.97313
0.97267
0.97238
0.97250
0.97264
0.97226
0.97065
0.96850
0.96800
0.96954
0.97118
0.97231
0.97322
0.97358
0.97358
0.97320
0.97240
0.97178
0.97135
0.97131
0.97241
0.97360
0.97311
0.97136
0.96991
0.97020
0.97221
0.97361
0.97299
0.97142
0.97069
0.97097
0.97085
0.97066
0.97130
0.97131
0.96989
0.96912
0.97024
0.97141
0.97153
0.97147
0.97154
0.97191
0.97248
0.97260
0.97260
0.97274
0.97277
0.97274
0.97290
0.97324
0.97302
0.97213
0.97133
0.97064
0.96987
0.96986
0.97135
0.97293
0.97316
0.97297
0.97320
0.97280
0.97174
0.97174
0.97245
0.97219
0.97173
0.97201
0.97246
0.97260
0.97215
0.97187
0.97254
0.97287
0.97238
0.97195
0.97111
0.97023
0.97080
0.97233
0.97369
0.97394
0.97232
0.97023
0.96959
0.97029
0.97171
0.97292
0.97264
0.97171
0.97166
0.97181
0.97172
0.97260
0.97424
0.97472
0.97348
0.97216
0.97199
0.97248
0.97338
0.97448
0.97429
0.97274
0.97162
0.97189
0.97279
0.97256
0.97103
0.96935
0.96820
0.96876
0.97096
0.97325
0.97454
0.97411
0.97284
0.97225
0.97219
0.97241
