function [ TrkoeItom2 ] = TrkoItom2()
Tk = [0.6972200	0.7149400	0.7254300	0.7168400	0.7031100	0.6949100	0.6940000	0.7059500	0.7253100	0.7327200	0.7323700	0.7370600	0.7306800	0.7073400	0.6874200	0.6789000	0.6822400	0.6924400	0.6969900	0.6970700	0.6958800	0.6926600	0.6951500	0.7050300	0.7194100	0.7337400	0.7370200	0.7224300	0.6957900	0.6852400	0.7088000	0.7371800	0.7476900	0.7464900	0.7362600	0.7295800	0.7320500	0.7258800	0.7073400	0.6956500	0.6936900	0.6915200	0.6965700	0.6975400	0.6783500	0.6688300	0.6792700	0.6847900	0.6794000	0.6728000	0.6679600	0.6678200	0.6741300	0.6813900	0.6897800	0.7047900	0.7155200	0.7055900	0.6792800	0.6553400	0.6539000	0.6732600	0.6847900	0.6886600	0.7085000	0.7216800	0.7020700	0.6935300	0.7142300	0.7202600	0.7006300	0.6853900	0.6790700	0.6734100	0.6790500	0.6981400	0.7004000	0.6808300	0.6751000	0.6812700	0.6756000	0.6646800	0.6600200	0.6579600	0.6630700	0.6837400	0.7013700	0.6954000	0.6637300	0.6131400	0.5741000	0.5702200	0.5921200	0.6380500	0.7098100	0.7605400	0.7407000	0.6674700	0.5958900	0.5643900	0.5733700	0.6001300	0.6105100	0.5929100	0.5816900	0.5905900	0.6037300	0.6155400	0.6187700	0.6290300	0.6483100	0.6227400	0.5761300	0.5743400	0.5881800	0.5763600	0.5663900	0.5748100	0.5864800	0.6142100	0.6646900	0.6863200	0.6512800	0.6060300	0.5919500	0.6122900	0.6278000	0.6168900	0.6358500	0.6997900	0.7321100	0.7161600	0.7056200	0.7004800	0.6846800	0.6850700	0.7164800	0.7468600	0.7508000	0.7249200	0.6879000	0.6709800	0.6714300	0.6598800	0.6450200	0.6751800	0.7468200	0.7802600	0.7403500	0.6793500	0.6513000	0.6672600	0.7008400	0.7157900	0.7110300	0.7139000	0.7220700	0.7180400	0.7082000	0.7100500	0.7148100	0.7018800	0.6870500	0.6938900	0.7091200	0.7200000	0.7396000	0.7661700	0.7782200	0.7654800	0.7468400	0.7459200	0.7534200	0.7456700	0.7225400	0.7039100	0.7034800	0.7136300	0.7205100	0.7289200	0.7521800	0.7768500	0.7766300	0.7543600	0.7407900	0.7450900	0.7421600	0.7285900	0.7286000	0.7357900	0.7304200	0.7236900	0.7245500	0.7308300	0.7421000	0.7455000	0.7392500	0.7338400	0.7302000	0.7282300	0.7246600	0.7241000	0.7373400	0.7504300	0.7454100	0.7326600	0.7264500	0.7262100	0.7304500	0.7398400	0.7480000	0.7509000	0.7563200	0.7604700	0.7541800	0.7484700	0.7480900	0.7440700	0.7432000	0.7538100	0.7628800	0.7588700	0.7519800	0.7539400	0.7595200	0.7549700	0.7423400	0.7381100	0.7449600	0.7522800	0.7520900	0.7447900	0.7405600	0.7430400	0.7449900	0.7447100	0.7448800	0.7467800	0.7492900	0.7508200	0.7540200	0.7573800	0.7556400	0.7515800	0.7487400	0.7480100	0.7518800	0.7588800	0.7626500	0.7606300	0.7560600	0.7505800	0.7483900	0.7529600	0.7568200	0.7544700	0.7504400	0.7513800	0.7577500	0.7613800	0.7565700	0.7472600	0.7415800	0.7421200	0.7453400	0.7478600	0.7483200	0.7471200	0.7465800	0.7489300	0.7521300	0.7523200	0.7520200	0.7550800	0.7567700	0.7510800	0.7432200	0.7422500	0.7462100	0.7489800	0.7514200	0.7551300	0.7581200	0.7585300	0.7563400	0.7518100	0.7484800	0.7525100	0.7576700	0.7531000	0.7454200	0.7467700	0.7544800	0.7586100	0.7575400	0.7557500	0.7553000	0.7559100	0.7577900	0.7609500	0.7667700	0.7738800	0.7738900	0.7672600	0.7627400	0.7610500	0.7595400	0.7587100	0.7604800	0.7632400	0.7624200	0.7577900	0.7552100	0.7583000	0.7611400	0.7583700	0.7530700	0.7494400	0.7494700	0.7521600	0.7548900	0.7571400	0.7583600	0.7578400	0.7584100	0.7627600	0.7679100	0.7684100	0.7636900	0.7593300	0.7589100	0.7586300	0.7541100	0.7485700	0.7485000	0.7531500	0.7570200	0.7572000	0.7555400	0.7571100	0.7617800	0.7650100	0.7657800	0.7642600	0.7614900	0.7607400	0.7610600	0.7597000	0.7596900	0.7622900	0.7636200	0.7624200	0.7601100	0.7584300	0.7580700	0.7576500	0.7557500	0.7535500	0.7540100	0.7558100	0.7562900	0.7572200	0.7592000	0.7607900	0.7615800	0.7607900	0.7596200	0.7615600	0.7654100	0.7673100	0.7676300	0.7673200	0.7654900	0.7626100	0.7597400	0.7582900	0.7578800	0.7556800	0.7529000	0.7532300	0.7560900	0.7599900	0.7647000	0.7662300	0.7631200	0.7610800	0.7616200	0.7622000	0.7629300	0.7639100	0.7635700	0.7608700	0.7587500	0.7608800	0.7660000	0.7695500	0.7677500	0.7621800	0.7586900	0.7593700	0.7623000	0.7657300	0.7675600	0.7669100	0.7662900	0.7671000	0.7666800	0.7628500	0.7582900	0.7581100	0.7635000	0.7688800	0.7686700	0.7649400	0.7634500	0.7657500	0.7672900	0.7644100	0.7601800	0.7577000	0.7572500	0.7591500	0.7618600	0.7634000	0.7641100	0.7653300	0.7677000	0.7695200	0.7675700	0.7627800	0.7599600	0.7613000	0.7643200	0.7659400	0.7663200	0.7661000	0.7643500	0.7627500	0.7628300	0.7611500	0.7572400	0.7560400	0.7586800	0.7620400	0.7659000	0.7706200	0.7725700	0.7705800	0.7689000	0.7693700	0.7701300	0.7708900	0.7720100	0.7717900	0.7693800	0.7675000	0.7673800	0.7662600	0.7639900	0.7642200	0.7672600	0.7700500	0.7709800	0.7701100	0.7683800	0.7672500	0.7672000	0.7668000	0.7654400	0.7651300	0.7658300	0.7659200	0.7658500	0.7656800	0.7661700	0.7681700	0.7697300	0.7696900	0.7683000	0.7666300	0.7666100	0.7680900	0.7693900	0.7696500	0.7693600	0.7689800	0.7681900	0.7678900	0.7683000	0.7682100	0.7680500	0.7679200	0.7672400	0.7665200	0.7669000	0.7680300	0.7683000	0.7683400	0.7689400	0.7691300	0.7691600	0.7693100	0.7683000	0.7668200	0.7674000	0.7693200	0.7702700	0.7703800	0.7703300	0.7693100	0.7674200	0.7665700	0.7674000	0.7693100	0.7712200	0.7717700	0.7706800	0.7687600	0.7682400	0.7698500	0.7709100	0.7704100	0.7690400	0.7671800	0.7665500	0.7680900	0.7697900	0.7691500	0.7673900	0.7674200	0.7681800	0.7678900	0.7676500	0.7678100	0.7673300	0.7668000	0.7675400	0.7680000	0.7673500	0.7687200	0.7725200	0.7740700	0.7717500	0.7701900	0.7712400	0.7711900	0.7698400	0.7698100	0.7709100	0.7721600	0.7723400	0.7713800	0.7713400	0.7719000	0.7716800	0.7716200	0.7719000	0.7718700	0.7715000	0.7709100	0.7716300	0.7740700	0.7754500	0.7748600	0.7745200	0.7753700	0.7763300	0.7763700	0.7749100	0.7724600	0.7713000	0.7721000	0.7730100	0.7733200	0.7748500	0.7783000	0.7800500	0.7769900	0.7723600	0.7704300	0.7709800	0.7723800	0.7733400	0.7730700	0.7738400	0.7763900	0.7776400	0.7768700	0.7754700	0.7737600	0.7719200	0.7701600	0.7694000	0.7712000	0.7745900	0.7765900	0.7769000	0.7773200	0.7778500	0.7772300	0.7750900	0.7736600	0.7754700	0.7782900	0.7776400	0.7749900	0.7752600	0.7775000	0.7776500	0.7756700	0.7731900	0.7711200	0.7709000	0.7734700	0.7773900	0.7805400	0.7828300	0.7847000	0.7852000	0.7830600	0.7794100	0.7768700	0.7762300	0.7765600	0.7761800	0.7746000	0.7734500	0.7735100	0.7742200	0.7757200	0.7772000	0.7763200	0.7736000	0.7723800	0.7744300	0.7775800	0.7784000	0.7776000	0.7770100	0.7769300	0.7788000	0.7812300	0.7808200	0.7798600	0.7810700	0.7826400	0.7828900	0.7818500	0.7802300	0.7794400	0.7803600	0.7825800	0.7838200	0.7818900	0.7785900	0.7772000	0.7783700	0.7802800	0.7811400	0.7813900	0.7811200	0.7798400	0.7794400	0.7809100	0.7821900	0.7816900	0.7807600	0.7821400	0.7859800	0.7882500	0.7860500	0.7818900	0.7799400	0.7807500	0.7814000	0.7800000	0.7778600	0.7772700	0.7784100	0.7793000	0.7796300	0.7811300	0.7835000	0.7852000	0.7863200	0.7865700	0.7854800	0.7846100	0.7840000	0.7820800	0.7803600	0.7806800	0.7810600	0.7801500	0.7796500	0.7804100	0.7817600	0.7823200	0.7814000	0.7805500	0.7813800	0.7833700	0.7846100	0.7843100	0.7841400	0.7850700	0.7861800	0.7868900	0.7862400	0.7835800	0.7806000	0.7795200	0.7809500	0.7828800	0.7831200	0.7826600	0.7837300	0.7859900	0.7864800	0.7848400	0.7843700	0.7861200	0.7881800	0.7883900	0.7858400	0.7825300	0.7811800	0.7823300	0.7837200	0.7835200	0.7833900	0.7842600	0.7845300	0.7837700	0.7825500	0.7809500	0.7794500	0.7793600	0.7809400	0.7822700	0.7816400	0.7801200	0.7803000	0.7821000	0.7834600	0.7839200	0.7837200	0.7831400	0.7826400	0.7820000	0.7811300	0.7805800	0.7806600	0.7810600	0.7819600	0.7832500	0.7831100	0.7816000	0.7810900	0.7821900	0.7839400	0.7852400	0.7855800	0.7850600	0.7839300	0.7837500	0.7853900	0.7862400	0.7856400	0.7854300	0.7852600	0.7853400	0.7864700	0.7875100	0.7876400	0.7871000	0.7867600	0.7869100	0.7867900	0.7864000	0.7863900	0.7870500	0.7879600	0.7877700	0.7864600	0.7858300	0.7862400	0.7869700	0.7881100	0.7890000	0.7896700	0.7911000	0.7920800	0.7916100	0.7902900	