function [ Trkoe ] = TrkoVer5573()
Tk = [
0.95728
0.95680
0.95703
0.95648
0.95410
0.95270
0.95411
0.95821
0.96318
0.96644
0.96570
0.96059
0.95457
0.95120
0.95085
0.95212
0.95419
0.95767
0.96060
0.95909
0.95453
0.95231
0.95507
0.96019
0.96256
0.96139
0.95974
0.95831
0.95665
0.95616
0.95742
0.95812
0.95578
0.95351
0.95593
0.95952
0.96018
0.96052
0.96124
0.96062
0.95875
0.95579
0.95258
0.95096
0.95067
0.95029
0.95054
0.95166
0.95265
0.95370
0.95486
0.95519
0.95431
0.95394
0.95576
0.95738
0.95571
0.95206
0.94978
0.94965
0.94977
0.94967
0.95031
0.95065
0.94903
0.94742
0.94876
0.95071
0.95031
0.94943
0.94986
0.95095
0.95056
0.94739
0.94470
0.94650
0.95139
0.95400
0.95218
0.94816
0.94478
0.94534
0.94988
0.95301
0.95141
0.94777
0.94678
0.94944
0.95240
0.95335
0.95305
0.95235
0.95072
0.94855
0.94698
0.94544
0.94354
0.94324
0.94611
0.94993
0.95122
0.95049
0.94951
0.94781
0.94713
0.94929
0.95148
0.95209
0.95200
0.95095
0.94922
0.94794
0.94673
0.94477
0.94419
0.94654
0.94893
0.94972
0.95109
0.95331
0.95364
0.95098
0.94786
0.94650
0.94658
0.94844
0.95125
0.95124
0.94873
0.94731
0.94702
0.94646
0.94563
0.94582
0.94752
0.94881
0.94823
0.94693
0.94623
0.94631
0.94687
0.94797
0.94942
0.95052
0.95092
0.94980
0.94753
0.94593
0.94555
0.94672
0.94927
0.95163
0.95252
0.95171
0.95044
0.95062
0.95153
0.95033
0.94804
0.94741
0.94706
0.94685
0.94890
0.95029
0.94926
0.95025
0.95356
0.95482
0.95291
0.95002
0.94828
0.94830
0.94845
0.94712
0.94587
0.94627
0.94722
0.94706
0.94511
0.94378
0.94486
0.94576
0.94425
0.94258
0.94265
0.94342
0.94421
0.94523
0.94675
0.94792
0.94777
0.94893
0.95233
0.95426
0.95271
0.94928
0.94698
0.94597
0.94357
0.94107
0.94286
0.94814
0.95217
0.95286
0.95252
0.95286
0.95424
0.95631
0.95530
0.95186
0.95252
0.95677
0.95817
0.95544
0.95147
0.94838
0.94715
0.94673
0.94556
0.94421
0.94449
0.94675
0.94880
0.94846
0.94663
0.94491
0.94418
0.94571
0.94788
0.94690
0.94337
0.94173
0.94423
0.94819
0.94938
0.94803
0.94700
0.94747
0.94864
0.94845
0.94715
0.94644
0.94622
0.94615
0.94628
0.94693
0.94919
0.95238
0.95388
0.95421
0.95581
0.95665
0.95436
0.95142
0.94992
0.94899
0.94811
0.94694
0.94541
0.94477
0.94462
0.94321
0.94191
0.94289
0.94500
0.94630
0.94719
0.94882
0.95067
0.95170
0.95176
0.95205
0.95285
0.95204
0.94895
0.94534
0.94302
0.94405
0.94826
0.95122
0.94988
0.94682
0.94598
0.94738
0.94819
0.94687
0.94441
0.94295
0.94386
0.94658
0.94939
0.95061
0.95003
0.95040
0.95341
0.95571
0.95424
0.95104
0.94865
0.94700
0.94610
0.94549
0.94436
0.94368
0.94325
0.94286
0.94460
0.94738
0.94852
0.94906
0.94933
0.94831
0.94775
0.94840
0.94742
0.94439
0.94373
0.94749
0.95183
0.95273
0.95000
0.94682
0.94626
0.94772
0.94896
0.94832
0.94571
0.94368
0.94426
0.94595
0.94671
0.94715
0.94863
0.95114
0.95368
0.95571
0.95682
0.95589
0.95297
0.95023
0.94895
0.94809
0.94697
0.94622
0.94560
0.94423
0.94243
0.94141
0.94155
0.94210
0.94215
0.94264
0.94477
0.94711
0.94808
0.94750
0.94599
0.94460
0.94472
0.94668
0.94839
0.94891
0.94982
0.95095
0.95040
0.94828
0.94736
0.94904
0.95082
0.95075
0.94984
0.94875
0.94699
0.94541
0.94623
0.94911
0.95051
0.95005
0.95094
0.95318
0.95419
0.95282
0.95010
0.94806
0.94778
0.94820
0.94835
0.94889
0.94920
0.94833
0.94806
0.94953
0.95054
0.94954
0.94768
0.94676
0.94712
0.94702
0.94587
0.94544
0.94611
0.94614
0.94568
0.94645
0.94785
0.94816
0.94745
0.94730
0.94874
0.95045
0.95080
0.94923
0.94584
0.94344
0.94484
0.94783
0.94886
0.94829
0.94773
0.94813
0.94974
0.95070
0.95025
0.94992
0.94997
0.94937
0.94783
0.94634
0.94637
0.94770
0.94851
0.94832
0.94752
0.94635
0.94689
0.94995
0.95218
0.95164
0.94989
0.94846
0.94829
0.94881
0.94811
0.94715
0.94780
0.94868
0.94835
0.94731
0.94647
0.94657
0.94803
0.95005
0.95064
0.94941
0.94849
0.94887
0.94936
0.94918
0.94875
0.94925
0.95135
0.95329
0.95391
0.95461
0.95506
0.95395
0.95243
0.95140
0.95137
0.95272
0.95370
0.95269
0.95084
0.94990
0.94916
0.94816
0.94895
0.95075
0.95081
0.95030
0.95093
0.95122
0.95014
0.94849
0.94762
0.94873
0.95112
0.95256
0.95207
0.95092
0.95113
0.95297
0.95446
0.95300
0.94905
0.94661
0.94762
0.94989
0.95099
0.95065
0.94947
0.94831
0.94835
0.94902
0.94889
0.94852
0.94895
0.94948
0.94957
0.95018
0.95139
0.95218
0.95227
0.95117
0.94857
0.94706
0.94884
0.95127
0.95158
0.95103
0.95061
0.94998
0.95021
0.95143
0.95198
0.95172
0.95152
0.95135
0.95089
0.95023
0.94979
0.94956
0.94890
0.94809
0.94835
0.94958
0.94975
0.94869
0.94847
0.94964
0.95157
0.95321
0.95341
0.95263
0.95224
0.95249
0.95256
0.95252
0.95265
0.95229
0.95154
0.95131
0.95161
0.95172
0.95164
0.95157
0.95168
0.95183
0.95081
0.94973
0.95065
0.95209
0.95286
0.95361
0.95389
0.95386
0.95417
0.95350
0.95172
0.95067
0.95011
0.94937
0.94956
0.95107
0.95285
0.95348
0.95255
0.95129
0.95141
0.95251
0.95261
0.95214
0.95257
0.95286
0.95196
0.95114
0.95167
0.95332
0.95484
0.95490
0.95382
0.95306
0.95330
0.95391
0.95366
0.95273
0.95222
0.95244
0.95338
0.95425
0.95429
0.95367
0.95255
0.95134
0.95028
0.94970
0.95014
0.95128
0.95321
0.95523
0.95519
0.95358
0.95296
0.95415
0.95575
0.95689
0.95735
0.95581
0.95344
0.95319
0.95384
0.95337
0.95267
0.95275
0.95394
0.95572
0.95654
0.95589
0.95442
0.95308
0.95304
0.95386
0.95420
0.95395
0.95320
0.95299
0.95466
0.95641
0.95647
0.95590
0.95559
0.95536
0.95465
0.95349
0.95325
0.95420
0.95487
0.95435
0.95280
0.95098
0.95013
0.95135
0.95442
0.95695
0.95712
0.95589
0.95511
0.95499
0.95397
0.95220
0.95197
0.95348
0.95535
0.95655
0.95610
0.95438
0.95329
0.95363
0.95394
0.95334
0.95255
0.95196
0.95158
0.95151
0.95197
0.95285
0.95345
0.95369
0.95392
0.95388
0.95354
0.95311
0.95241
0.95177
0.95170
0.95182
0.95184
0.95187
0.95247
0.95388
0.95498
0.95495
0.95426
0.95357
0.95321
0.95308
0.95348
0.95486
0.95615
0.95566
0.95404
0.95332
0.95391
0.95517
0.95632
0.95670
0.95628
0.95537
0.95491
0.95586
0.95711
0.95696
0.95568
0.95441
0.95381
0.95365
0.95317
0.95265
0.95259
0.95258
0.95300
0.95431
0.95500
0.95424
0.95361
0.95375
0.95360
0.95298
0.95249
0.95256
0.95313
0.95355
0.95369
0.95414
0.95494
0.95527
0.95462
0.95372
0.95345
0.95416
0.95575
0.95666
0.95572
0.95402
0.95277
0.95203
0.95178
0.95212
0.95263
0.95298
0.95364
0.95446
0.95448
0.95406
0.95393
0.95358
0.95365
0.95486
0.95562
0.95540
0.95481
0.95342
0.95209
0.95251
0.95436
0.95622
0.95693
0.95649
0.95619
0.95669
0.95742
0.95738
0.95608
0.95461
0.95416
0.95451
0.95528
0.95575
0.95495
0.95357
0.95335
0.95409
0.95466
0.95538
0.95560
0.95418
0.95288
0.95322
0.95412
0.95503
0.95616
0.95675
0.95626
0.95530
0.95502
0.95568
0.95641
0.95651
0.95617
0.95600
0.95619
0.95647
0.95614
0.95520
0.95523
0.95620
0.95595
0.95470
0.95445
0.95482
0.95485
0.95516
0.95557
0.95535
0.95494
0.95479
0.95487
0.95548
0.95634
0.95638
0.95568
0.95556
0.95646
0.95703
0.95613
0.95476
0.95384
0.95378
0.95485
0.95598
0.95693
0.95789
0.95791
0.95699
0.95643
0.95692
0.95703
0.95563
0.95453
0.95494
0.95566
0.95573
0.95561
0.95607
0.95689
0.95748
0.95731
0.95594
0.95461
0.95492
0.95602
0.95669
0.95627
0.95484
0.95429
0.95497
0.95551
0.95569
0.95557
0.95583
0.95706
0.95822
0.95842
0.95780
0.95738
0.95790
0.95819
0.95769
0.95744
0.95708
0.95603
0.95536
0.95587
0.95670
0.95658
0.95573
0.95492
0.95381
0.95262
0.95259
0.95381
0.95527
0.95614
0.95611
