function [ Trkoe ] = TrkoVer5562()
Tk = [
0.98406
0.98177
0.97985
0.97850
0.97848
0.97876
0.97964
0.98254
0.98391
0.98221
0.98111
0.98184
0.98407
0.98610
0.98526
0.98336
0.98345
0.98410
0.98381
0.98363
0.98467
0.98775
0.98995
0.98804
0.98561
0.98578
0.98645
0.98589
0.98450
0.98238
0.97998
0.98034
0.98331
0.98392
0.98260
0.98336
0.98415
0.98212
0.97993
0.98081
0.98341
0.98578
0.98766
0.98830
0.98857
0.98927
0.98948
0.98905
0.98724
0.98441
0.98319
0.98449
0.98678
0.98803
0.98646
0.98209
0.97797
0.97753
0.98113
0.98520
0.98591
0.98346
0.98154
0.98258
0.98381
0.98251
0.98108
0.98092
0.98082
0.98200
0.98377
0.98284
0.98215
0.98413
0.98505
0.98427
0.98318
0.98167
0.98155
0.98314
0.98319
0.98167
0.98266
0.98654
0.98912
0.98823
0.98569
0.98375
0.98283
0.98262
0.98265
0.98175
0.97976
0.97920
0.98160
0.98548
0.98889
0.98994
0.98824
0.98590
0.98438
0.98378
0.98302
0.98065
0.97894
0.98035
0.98150
0.98047
0.97955
0.97914
0.97878
0.97850
0.97770
0.97708
0.97824
0.98058
0.98187
0.98116
0.98003
0.98068
0.98284
0.98397
0.98278
0.98028
0.97826
0.97927
0.98311
0.98440
0.98086
0.97768
0.97800
0.97973
0.98059
0.98139
0.98168
0.98023
0.98006
0.98192
0.98222
0.98006
0.97735
0.97533
0.97412
0.97403
0.97575
0.97855
0.98084
0.98216
0.98183
0.97991
0.97934
0.98142
0.98351
0.98350
0.98264
0.98194
0.98060
0.97918
0.98015
0.98328
0.98534
0.98386
0.97926
0.97580
0.97574
0.97603
0.97663
0.97816
0.97855
0.97889
0.98087
0.98254
0.98211
0.98054
0.97912
0.97920
0.98063
0.97992
0.97740
0.97814
0.98164
0.98272
0.98003
0.97745
0.97747
0.97946
0.98205
0.98390
0.98391
0.98238
0.98030
0.97814
0.97723
0.97799
0.97837
0.97698
0.97627
0.97885
0.98185
0.98150
0.98032
0.98078
0.98099
0.98016
0.98006
0.98088
0.98106
0.97891
0.97486
0.97310
0.97544
0.97804
0.97814
0.97915
0.98204
0.98145
0.97713
0.97526
0.97579
0.97456
0.97335
0.97458
0.97661
0.97842
0.97993
0.97973
0.97734
0.97596
0.97743
0.97887
0.97765
0.97469
0.97311
0.97447
0.97698
0.97785
0.97622
0.97478
0.97666
0.98049
0.98182
0.98065
0.98071
0.98171
0.98076
0.97822
0.97724
0.97930
0.98204
0.98228
0.98080
0.97977
0.97867
0.97749
0.97744
0.97776
0.97829
0.98000
0.98077
0.97838
0.97653
0.97810
0.97902
0.97807
0.97854
0.97885
0.97728
0.97724
0.97863
0.97835
0.97645
0.97488
0.97460
0.97495
0.97547
0.97722
0.97818
0.97644
0.97653
0.97931
0.98051
0.97909
0.97659
0.97562
0.97702
0.97693
0.97468
0.97424
0.97570
0.97676
0.97858
0.98205
0.98400
0.98186
0.97805
0.97635
0.97663
0.97732
0.97741
0.97667
0.97719
0.97992
0.98252
0.98230
0.97801
0.97307
0.97264
0.97509
0.97548
0.97499
0.97613
0.97738
0.97782
0.97733
0.97560
0.97417
0.97442
0.97530
0.97556
0.97564
0.97544
0.97432
0.97337
0.97398
0.97572
0.97694
0.97704
0.97687
0.97751
0.97895
0.97931
0.97815
0.97749
0.97781
0.97778
0.97708
0.97646
0.97702
0.97873
0.97910
0.97716
0.97509
0.97373
0.97315
0.97474
0.97710
0.97660
0.97502
0.97661
0.97956
0.97981
0.97841
0.97770
0.97763
0.97792
0.97790
0.97735
0.97730
0.97632
0.97393
0.97393
0.97645
0.97725
0.97581
0.97527
0.97668
0.97801
0.97782
0.97624
0.97417
0.97328
0.97397
0.97437
0.97314
0.97260
0.97536
0.97951
0.98061
0.97817
0.97544
0.97389
0.97403
0.97642
0.97919
0.97987
0.97827
0.97512
0.97177
0.97109
0.97335
0.97546
0.97675
0.97734
0.97630
0.97482
0.97390
0.97419
0.97609
0.97700
0.97523
0.97343
0.97278
0.97251
0.97371
0.97631
0.97912
0.98073
0.97945
0.97685
0.97467
0.97299
0.97315
0.97493
0.97528
0.97391
0.97389
0.97486
0.97504
0.97544
0.97539
0.97363
0.97214
0.97334
0.97634
0.97734
0.97565
0.97479
0.97574
0.97668
0.97738
0.97804
0.97815
0.97729
0.97517
0.97334
0.97364
0.97562
0.97823
0.98017
0.98017
0.97849
0.97741
0.97774
0.97682
0.97496
0.97465
0.97421
0.97247
0.97220
0.97432
0.97562
0.97436
0.97338
0.97425
0.97507
0.97595
0.97822
0.98047
0.98044
0.97829
0.97671
0.97657
0.97572
0.97486
0.97705
0.98058
0.98110
0.97928
0.97794
0.97651
0.97520
0.97568
0.97700
0.97755
0.97741
0.97713
0.97689
0.97570
0.97351
0.97185
0.97155
0.97317
0.97552
0.97696
0.97838
0.97935
0.97846
0.97693
0.97607
0.97550
0.97541
0.97561
0.97500
0.97396
0.97345
0.97375
0.97459
0.97559
0.97701
0.97819
0.97816
0.97773
0.97784
0.97755
0.97677
0.97750
0.97902
0.97851
0.97668
0.97678
0.97928
0.98060
0.97881
0.97652
0.97533
0.97445
0.97421
0.97541
0.97656
0.97613
0.97591
0.97696
0.97757
0.97668
0.97445
0.97258
0.97296
0.97468
0.97605
0.97721
0.97784
0.97738
0.97711
0.97767
0.97838
0.97899
0.97802
0.97517
0.97396
0.97553
0.97722
0.97799
0.97889
0.97988
0.97971
0.97836
0.97710
0.97648
0.97664
0.97737
0.97754
0.97679
0.97601
0.97597
0.97711
0.97889
0.98008
0.97994
0.97855
0.97792
0.97877
0.97873
0.97750
0.97603
0.97399
0.97252
0.97346
0.97655
0.97873
0.97761
0.97521
0.97363
0.97236
0.97236
0.97449
0.97572
0.97442
0.97301
0.97273
0.97282
0.97349
0.97522
0.97637
0.97557
0.97473
0.97542
0.97643
0.97696
0.97743
0.97748
0.97700
0.97662
0.97615
0.97510
0.97425
0.97459
0.97512
0.97535
0.97676
0.97863
0.97883
0.97823
0.97861
0.97880
0.97788
0.97755
0.97881
0.98071
0.98116
0.97908
0.97568
0.97303
0.97319
0.97582
0.97779
0.97817
0.97860
0.97890
0.97828
0.97695
0.97528
0.97435
0.97460
0.97524
0.97565
0.97557
0.97529
0.97504
0.97474
0.97477
0.97579
0.97795
0.97993
0.98023
0.97947
0.97885
0.97804
0.97677
0.97590
0.97600
0.97616
0.97572
0.97594
0.97721
0.97778
0.97738
0.97725
0.97776
0.97808
0.97680
0.97518
0.97622
0.97898
0.97978
0.97828
0.97681
0.97638
0.97686
0.97789
0.97882
0.97926
0.97880
0.97747
0.97650
0.97698
0.97766
0.97662
0.97532
0.97596
0.97709
0.97686
0.97600
0.97521
0.97469
0.97492
0.97535
0.97546
0.97561
0.97622
0.97715
0.97751
0.97746
0.97758
0.97741
0.97706
0.97751
0.97844
0.97880
0.97820
0.97699
0.97654
0.97725
0.97739
0.97647
0.97606
0.97696
0.97812
0.97889
0.97955
0.97993
0.97980
0.97858
0.97612
0.97419
0.97398
0.97458
0.97544
0.97661
0.97663
0.97526
0.97472
0.97556
0.97617
0.97552
0.97455
0.97480
0.97580
0.97611
0.97621
0.97653
0.97617
0.97585
0.97666
0.97804
0.97854
0.97718
0.97554
0.97523
0.97556
0.97579
0.97580
0.97592
0.97655
0.97667
0.97576
0.97527
0.97605
0.97688
0.97676
0.97628
0.97577
0.97527
0.97602
0.97822
0.98019
0.98080
0.97987
0.97821
0.97744
0.97847
0.97991
0.97974
0.97865
0.97880
0.97986
0.97998
0.97912
0.97805
0.97675
0.97559
0.97542
0.97647
0.97773
0.97796
0.97726
0.97672
0.97591
0.97392
0.97317
0.97506
0.97700
0.97814
0.97951
0.98019
0.97938
0.97836
0.97790
0.97712
0.97642
0.97699
0.97769
0.97727
0.97677
0.97614
0.97422
0.97279
0.97427
0.97710
0.97845
0.97818
0.97748
0.97736
0.97789
0.97716
0.97484
0.97344
0.97394
0.97502
0.97567
0.97656
0.97757
0.97704
0.97549
0.97477
0.97530
0.97619
0.97614
0.97521
0.97442
0.97406
0.97441
0.97549
0.97630
0.97648
0.97651
0.97611
0.97568
0.97648
0.97768
0.97778
0.97689
0.97578
0.97549
0.97645
0.97740
0.97756
0.97808
0.97880
0.97832
0.97748
0.97778
0.97836
0.97789
0.97737
0.97782
0.97810
0.97735
0.97642
0.97610
0.97622
0.97686
0.97793
0.97856
0.97867
0.97876
0.97880
0.97836
0.97717
0.97606
0.97614
0.97675
0.97650
0.97553
0.97470
0.97426
0.97448
0.97556
0.97660
0.97698
0.97711
0.97713
0.97711
0.97734
0.97742
0.97756
0.97819
0.97868
0.97858
0.97774
0.97667
0.97674
0.97773
0.97821
0.97826
0.97878
0.97976
0.98034
0.97981
0.97824
0.97696
0.97682
0.97679
0.97662
0.97747
