function [ Trkoe ] = TrkoVer5423()
Tk = [
0.82325
0.81846
0.81335
0.81248
0.81450
0.81643
0.81834
0.82126
0.82429
0.82618
0.82711
0.82691
0.82525
0.82218
0.81862
0.81750
0.81876
0.81844
0.81698
0.81774
0.82097
0.82510
0.82797
0.82752
0.82468
0.82281
0.82324
0.82431
0.82528
0.82710
0.82805
0.82633
0.82430
0.82291
0.82133
0.82086
0.82182
0.82217
0.82112
0.82007
0.82012
0.81997
0.81941
0.82030
0.82127
0.82147
0.82328
0.82570
0.82632
0.82537
0.82317
0.82096
0.82130
0.82414
0.82638
0.82568
0.82304
0.82135
0.82155
0.82196
0.82074
0.81905
0.81910
0.81957
0.81902
0.81860
0.81873
0.81875
0.81801
0.81696
0.81647
0.81654
0.81867
0.82276
0.82458
0.82488
0.82688
0.82772
0.82670
0.82608
0.82552
0.82571
0.82616
0.82448
0.82076
0.81656
0.81335
0.81282
0.81493
0.81757
0.81992
0.82154
0.82176
0.82092
0.81903
0.81725
0.81707
0.81872
0.82256
0.82613
0.82614
0.82380
0.82189
0.82088
0.81975
0.81894
0.81982
0.82073
0.82015
0.82024
0.82158
0.82161
0.81979
0.81838
0.81804
0.81733
0.81653
0.81759
0.82094
0.82474
0.82714
0.82774
0.82634
0.82370
0.82276
0.82520
0.82805
0.82767
0.82510
0.82264
0.82122
0.82086
0.82009
0.81914
0.81891
0.81803
0.81729
0.81826
0.81998
0.82069
0.81994
0.81998
0.82111
0.82165
0.82261
0.82406
0.82409
0.82220
0.81990
0.81936
0.82202
0.82707
0.83043
0.82985
0.82762
0.82545
0.82398
0.82329
0.82208
0.82036
0.82062
0.82338
0.82582
0.82526
0.82209
0.82040
0.82144
0.82345
0.82542
0.82544
0.82353
0.82170
0.82046
0.81980
0.81958
0.81895
0.81768
0.81735
0.81926
0.82108
0.82047
0.81890
0.81883
0.82030
0.82229
0.82401
0.82451
0.82364
0.82194
0.81982
0.81938
0.82291
0.82693
0.82587
0.82252
0.82275
0.82546
0.82597
0.82305
0.82136
0.82293
0.82417
0.82566
0.82909
0.83193
0.83279
0.83311
0.83235
0.82836
0.82334
0.82144
0.82307
0.82561
0.82628
0.82486
0.82339
0.82298
0.82270
0.82200
0.82072
0.81939
0.82002
0.82210
0.82366
0.82566
0.82845
0.82983
0.82841
0.82604
0.82553
0.82558
0.82276
0.81866
0.81798
0.82113
0.82436
0.82460
0.82279
0.82302
0.82660
0.82895
0.82705
0.82431
0.82296
0.82236
0.82369
0.82743
0.83179
0.83489
0.83592
0.83486
0.83203
0.82813
0.82432
0.82276
0.82381
0.82549
0.82690
0.82677
0.82373
0.81969
0.81848
0.82020
0.82045
0.81895
0.81930
0.82137
0.82466
0.82951
0.83222
0.83097
0.82973
0.83015
0.82941
0.82640
0.82296
0.82127
0.82325
0.82719
0.82789
0.82518
0.82421
0.82759
0.83258
0.83404
0.83123
0.82750
0.82484
0.82466
0.82818
0.83232
0.83180
0.82825
0.82869
0.83336
0.83487
0.83119
0.82746
0.82639
0.82660
0.82590
0.82439
0.82471
0.82700
0.82780
0.82653
0.82663
0.82836
0.82829
0.82561
0.82334
0.82369
0.82522
0.82640
0.82675
0.82610
0.82655
0.82987
0.83409
0.83569
0.83408
0.83164
0.83022
0.83060
0.83184
0.83174
0.82953
0.82650
0.82406
0.82267
0.82326
0.82656
0.83221
0.83708
0.83683
0.83370
0.83329
0.83515
0.83504
0.83205
0.82843
0.82629
0.82714
0.82967
0.83016
0.82831
0.82679
0.82629
0.82578
0.82564
0.82655
0.82787
0.82896
0.82935
0.82833
0.82674
0.82693
0.82865
0.82942
0.82880
0.82781
0.82784
0.82906
0.82956
0.82857
0.82674
0.82490
0.82429
0.82450
0.82482
0.82605
0.82713
0.82705
0.82867
0.83227
0.83451
0.83500
0.83516
0.83560
0.83657
0.83663
0.83424
0.83136
0.83068
0.83237
0.83366
0.83224
0.83100
0.83186
0.83163
0.83020
0.82984
0.82938
0.82830
0.82813
0.82898
0.83016
0.83138
0.83270
0.83368
0.83354
0.83287
0.83167
0.82962
0.82870
0.83026
0.83273
0.83418
0.83452
0.83487
0.83508
0.83420
0.83314
0.83336
0.83359
0.83287
0.83283
0.83339
0.83392
0.83542
0.83631
0.83554
0.83469
0.83346
0.83174
0.83125
0.83204
0.83263
0.83262
0.83259
0.83309
0.83384
0.83336
0.83241
0.83326
0.83442
0.83430
0.83411
0.83446
0.83491
0.83487
0.83372
0.83208
0.83163
0.83157
0.83095
0.83167
0.83300
0.83243
0.83132
0.83254
0.83522
0.83627
0.83505
0.83318
0.83274
0.83482
0.83735
0.83802
0.83788
0.83784
0.83715
0.83672
0.83686
0.83605
0.83488
0.83473
0.83534
0.83622
0.83685
0.83661
0.83558
0.83502
0.83595
0.83654
0.83579
0.83536
0.83498
0.83395
0.83370
0.83448
0.83506
0.83549
0.83578
0.83506
0.83423
0.83497
0.83647
0.83679
0.83591
0.83526
0.83519
0.83576
0.83744
0.83923
0.84007
0.84107
0.84233
0.84169
0.83932
0.83842
0.83969
0.84117
0.84168
0.84034
0.83769
0.83650
0.83769
0.83928
0.84063
0.84235
0.84295
0.84181
0.84106
0.84131
0.84125
0.84033
0.83928
0.83911
0.83937
0.83894
0.83751
0.83559
0.83430
0.83417
0.83456
0.83475
0.83551
0.83759
0.83979
0.84107
0.84134
0.83990
0.83741
0.83672
0.83861
0.84144
0.84376
0.84457
0.84439
0.84391
0.84284
0.84229
0.84319
0.84427
0.84438
0.84436
0.84462
0.84425
0.84361
0.84328
0.84344
0.84457
0.84503
0.84316
0.84128
0.84204
0.84451
0.84613
0.84568
0.84426
0.84328
0.84257
0.84224
0.84254
0.84260
0.84236
0.84191
0.84037
0.83844
0.83841
0.84084
0.84307
0.84273
0.84132
0.84162
0.84363
0.84529
0.84550
0.84413
0.84185
0.84049
0.84093
0.84212
0.84284
0.84344
0.84407
0.84366
0.84272
0.84242
0.84259
0.84308
0.84334
0.84352
0.84457
0.84530
0.84512
0.84560
0.84691
0.84811
0.84806
0.84603
0.84356
0.84312
0.84419
0.84462
0.84431
0.84414
0.84433
0.84462
0.84436
0.84391
0.84439
0.84508
0.84474
0.84412
0.84420
0.84444
0.84448
0.84503
0.84601
0.84637
0.84637
0.84676
0.84656
0.84521
0.84432
0.84494
0.84625
0.84707
0.84683
0.84679
0.84801
0.84894
0.84768
0.84538
0.84514
0.84661
0.84679
0.84652
0.84799
0.84969
0.84940
0.84792
0.84694
0.84635
0.84633
0.84745
0.84811
0.84686
0.84513
0.84476
0.84573
0.84704
0.84765
0.84732
0.84694
0.84725
0.84789
0.84854
0.84867
0.84764
0.84693
0.84756
0.84766
0.84669
0.84662
0.84794
0.84885
0.84826
0.84685
0.84583
0.84594
0.84663
0.84660
0.84603
0.84630
0.84733
0.84826
0.84850
0.84800
0.84789
0.84802
0.84745
0.84704
0.84754
0.84847
0.84887
0.84795
0.84681
0.84689
0.84727
0.84698
0.84709
0.84865
0.85024
0.84998
0.84889
0.84842
0.84842
0.84868
0.84860
0.84796
0.84756
0.84772
0.84854
0.84998
0.85088
0.85034
0.84888
0.84751
0.84685
0.84717
0.84855
0.85025
0.85140
0.85211
0.85199
0.85092
0.85026
0.85049
0.85087
0.84985
0.84733
0.84615
0.84731
0.84862
0.84902
0.84941
0.85025
0.85113
0.85167
0.85131
0.85023
0.84964
0.84963
0.84931
0.84899
0.85007
0.85192
0.85155
0.84881
0.84731
0.84852
0.85023
0.85108
0.85169
0.85179
0.85057
0.84911
0.84912
0.85003
0.85089
0.85172
0.85174
0.85085
0.85051
0.85097
0.85164
0.85218
0.85207
0.85139
0.85086
0.85092
0.85142
0.85179
0.85187
0.85182
0.85208
0.85263
0.85221
0.85114
0.85130
0.85220
0.85216
0.85109
0.85030
0.85050
0.85116
0.85186
0.85216
0.85204
0.85212
0.85216
0.85207
0.85254
0.85291
0.85176
0.85004
0.85002
0.85142
0.85221
0.85190
0.85169
0.85227
0.85276
0.85245
0.85196
0.85196
0.85231
0.85263
0.85227
0.85129
0.85102
0.85153
0.85189
0.85235
0.85311
0.85357
0.85336
0.85249
0.85167
0.85200
0.85312
0.85332
0.85234
0.85182
0.85233
0.85294
0.85334
0.85371
0.85411
0.85466
0.85430
0.85271
0.85174
0.85210
0.85284
0.85367
0.85475
0.85544
0.85485
0.85354
0.85268
0.85229
0.85220
0.85280
0.85392
0.85517
0.85542
0.85375
0.85211
0.85245
0.85361
0.85400
0.85379
0.85341
0.85341
0.85470
0.85647
0.85679
0.85547
0.85381
0.85319
0.85432
0.85635
0.85682
0.85475
0.85268
0.85297
0.85455
0.85479
0.85365
0.85328
0.85379
0.85394
0.85372
0.85400
0.85510
0.85590
0.85609
0.85631
0.85627
0.85595
0.85564
0.85521
0.85542
0.85670
0.85776
0.85778
0.85729
0.85692
0.85688
0.85685
