function [ Trkoe ] = TrkoVer5422()
Tk = [
0.87489
0.87401
0.87219
0.87229
0.87301
0.87129
0.86876
0.86878
0.87176
0.87718
0.88284
0.88468
0.88181
0.87697
0.87408
0.87444
0.87398
0.87161
0.87125
0.87198
0.87141
0.87142
0.87357
0.87620
0.87760
0.87784
0.87698
0.87671
0.87783
0.87762
0.87554
0.87345
0.87179
0.87064
0.87053
0.87168
0.87319
0.87323
0.87166
0.87103
0.87200
0.87213
0.87177
0.87325
0.87449
0.87381
0.87388
0.87344
0.87093
0.87067
0.87421
0.87723
0.87666
0.87488
0.87510
0.87583
0.87413
0.87131
0.87096
0.87254
0.87211
0.86998
0.86966
0.87062
0.87045
0.86904
0.86811
0.86830
0.86795
0.86774
0.86895
0.87022
0.87253
0.87620
0.87768
0.87743
0.87879
0.87901
0.87561
0.87240
0.87153
0.87246
0.87421
0.87436
0.87247
0.87070
0.86993
0.86970
0.86988
0.87061
0.87231
0.87370
0.87376
0.87383
0.87304
0.87076
0.86936
0.87042
0.87447
0.87900
0.87956
0.87532
0.86974
0.86680
0.86689
0.86865
0.87087
0.87211
0.87281
0.87397
0.87447
0.87282
0.86968
0.86748
0.86762
0.86853
0.86849
0.86858
0.87057
0.87429
0.87727
0.87778
0.87646
0.87510
0.87630
0.88032
0.88263
0.88006
0.87547
0.87200
0.87117
0.87281
0.87269
0.87051
0.87045
0.87129
0.87034
0.87001
0.87242
0.87480
0.87437
0.87240
0.87033
0.86979
0.87194
0.87407
0.87381
0.87318
0.87369
0.87422
0.87601
0.87943
0.87999
0.87791
0.87736
0.87652
0.87391
0.87248
0.87141
0.86854
0.86686
0.86954
0.87425
0.87628
0.87452
0.87302
0.87476
0.87769
0.87781
0.87476
0.87253
0.87186
0.87054
0.86888
0.86767
0.86658
0.86630
0.86833
0.87110
0.87215
0.87281
0.87381
0.87348
0.87241
0.87270
0.87368
0.87343
0.87276
0.87279
0.87312
0.87424
0.87578
0.87516
0.87160
0.86911
0.87079
0.87384
0.87392
0.87119
0.87080
0.87349
0.87472
0.87595
0.87922
0.88064
0.87924
0.87878
0.87923
0.87787
0.87657
0.87854
0.88228
0.88324
0.87992
0.87570
0.87420
0.87536
0.87552
0.87367
0.87297
0.87338
0.87349
0.87431
0.87466
0.87381
0.87434
0.87578
0.87517
0.87276
0.87092
0.87083
0.87119
0.87018
0.86906
0.87068
0.87412
0.87537
0.87383
0.87293
0.87443
0.87618
0.87569
0.87381
0.87241
0.87207
0.87378
0.87765
0.88125
0.88280
0.88324
0.88354
0.88298
0.88047
0.87645
0.87400
0.87443
0.87463
0.87353
0.87205
0.86995
0.86880
0.87044
0.87300
0.87321
0.87127
0.87025
0.87026
0.87061
0.87350
0.87756
0.87984
0.88184
0.88340
0.88141
0.87703
0.87389
0.87235
0.87277
0.87605
0.87889
0.87784
0.87484
0.87428
0.87634
0.87713
0.87606
0.87555
0.87633
0.87872
0.88273
0.88477
0.88182
0.87780
0.87802
0.88123
0.88172
0.87833
0.87444
0.87277
0.87419
0.87684
0.87869
0.88013
0.88078
0.87928
0.87749
0.87817
0.87975
0.87919
0.87614
0.87348
0.87431
0.87666
0.87675
0.87407
0.87131
0.87251
0.87762
0.88167
0.88189
0.88075
0.88025
0.87997
0.87989
0.87981
0.87970
0.87976
0.87894
0.87669
0.87554
0.87762
0.88053
0.88247
0.88352
0.88299
0.88184
0.88220
0.88359
0.88366
0.88236
0.88024
0.87782
0.87815
0.88028
0.87918
0.87583
0.87469
0.87639
0.87818
0.87850
0.87896
0.87973
0.87873
0.87754
0.87811
0.87865
0.87836
0.87791
0.87756
0.87785
0.87800
0.87814
0.87921
0.88006
0.87954
0.87765
0.87572
0.87560
0.87640
0.87666
0.87689
0.87723
0.87750
0.87914
0.88218
0.88380
0.88385
0.88514
0.88793
0.89013
0.88948
0.88591
0.88256
0.88102
0.88056
0.88073
0.88119
0.88239
0.88407
0.88358
0.88043
0.87732
0.87568
0.87585
0.87714
0.87845
0.88012
0.88133
0.88129
0.88095
0.88070
0.88057
0.88018
0.87886
0.87777
0.87855
0.87999
0.87964
0.87867
0.87940
0.88095
0.88197
0.88241
0.88261
0.88277
0.88215
0.88061
0.87946
0.87993
0.88179
0.88281
0.88302
0.88393
0.88372
0.88174
0.88061
0.88139
0.88277
0.88266
0.88082
0.87976
0.88054
0.88118
0.88075
0.88039
0.88031
0.88009
0.88072
0.88254
0.88349
0.88251
0.88135
0.88089
0.88068
0.88066
0.88009
0.87877
0.87832
0.87980
0.88204
0.88290
0.88253
0.88310
0.88427
0.88402
0.88361
0.88514
0.88741
0.88826
0.88762
0.88702
0.88669
0.88547
0.88422
0.88451
0.88557
0.88589
0.88507
0.88422
0.88477
0.88602
0.88585
0.88435
0.88343
0.88307
0.88294
0.88391
0.88477
0.88407
0.88377
0.88486
0.88453
0.88252
0.88194
0.88276
0.88291
0.88245
0.88252
0.88305
0.88326
0.88322
0.88352
0.88451
0.88605
0.88720
0.88717
0.88686
0.88669
0.88571
0.88434
0.88380
0.88443
0.88553
0.88546
0.88439
0.88426
0.88550
0.88696
0.88757
0.88729
0.88751
0.88891
0.89054
0.89126
0.89022
0.88780
0.88534
0.88389
0.88385
0.88439
0.88497
0.88554
0.88522
0.88394
0.88239
0.88190
0.88342
0.88519
0.88585
0.88604
0.88613
0.88639
0.88614
0.88470
0.88398
0.88546
0.88815
0.89009
0.88946
0.88766
0.88742
0.88731
0.88594
0.88573
0.88665
0.88586
0.88442
0.88498
0.88662
0.88741
0.88687
0.88667
0.88860
0.89091
0.89136
0.89067
0.89025
0.88989
0.88906
0.88838
0.88858
0.88924
0.88926
0.88899
0.88916
0.88883
0.88779
0.88738
0.88790
0.88835
0.88864
0.88938
0.88966
0.88823
0.88659
0.88678
0.88784
0.88817
0.88799
0.88794
0.88817
0.88832
0.88792
0.88731
0.88791
0.88994
0.89093
0.88961
0.88818
0.88778
0.88801
0.88891
0.88950
0.88954
0.89013
0.89093
0.89128
0.89118
0.89048
0.88922
0.88826
0.88825
0.88845
0.88842
0.88897
0.89030
0.89118
0.89078
0.88982
0.88940
0.89014
0.89154
0.89205
0.89079
0.88951
0.89039
0.89184
0.89177
0.89115
0.89091
0.89025
0.88870
0.88729
0.88750
0.88913
0.88968
0.88825
0.88763
0.88917
0.89025
0.88945
0.88889
0.88975
0.89087
0.89132
0.89061
0.88955
0.88913
0.88861
0.88845
0.89000
0.89190
0.89240
0.89226
0.89189
0.89056
0.88944
0.88949
0.88910
0.88793
0.88713
0.88710
0.88863
0.89127
0.89265
0.89219
0.89153
0.89146
0.89107
0.89044
0.89048
0.89095
0.89158
0.89214
0.89217
0.89226
0.89230
0.89152
0.89028
0.88907
0.88826
0.88880
0.89057
0.89182
0.89144
0.89027
0.88967
0.89002
0.89051
0.89043
0.89031
0.89044
0.88970
0.88833
0.88857
0.89032
0.89133
0.89117
0.89111
0.89148
0.89188
0.89230
0.89226
0.89131
0.89054
0.89060
0.89068
0.89057
0.89087
0.89126
0.89096
0.89004
0.88907
0.88883
0.88997
0.89156
0.89211
0.89190
0.89186
0.89177
0.89131
0.89095
0.89093
0.89104
0.89143
0.89235
0.89330
0.89311
0.89212
0.89237
0.89349
0.89306
0.89107
0.88959
0.88997
0.89163
0.89242
0.89159
0.89107
0.89192
0.89288
0.89300
0.89258
0.89224
0.89197
0.89152
0.89115
0.89109
0.89187
0.89326
0.89355
0.89216
0.89054
0.89027
0.89131
0.89247
0.89337
0.89347
0.89232
0.89127
0.89175
0.89297
0.89330
0.89256
0.89172
0.89185
0.89269
0.89232
0.89128
0.89161
0.89228
0.89229
0.89242
0.89284
0.89322
0.89352
0.89418
0.89480
0.89417
0.89303
0.89251
0.89228
0.89250
0.89330
0.89359
0.89322
0.89308
0.89286
0.89262
0.89311
0.89369
0.89438
0.89536
0.89523
0.89399
0.89326
0.89330
0.89274
0.89092
0.89000
0.89168
0.89370
0.89325
0.89156
0.89109
0.89106
0.89070
0.89151
0.89353
0.89483
0.89462
0.89345
0.89236
0.89254
0.89345
0.89401
0.89439
0.89474
0.89479
0.89413
0.89293
0.89222
0.89247
0.89288
0.89249
0.89161
0.89121
0.89146
0.89218
0.89334
0.89465
0.89558
0.89566
0.89465
0.89344
0.89323
0.89368
0.89399
0.89432
0.89557
0.89743
0.89729
0.89476
0.89323
0.89348
0.89317
0.89219
0.89234
0.89390
0.89494
0.89459
0.89423
0.89449
0.89474
0.89463
0.89421
0.89343
0.89288
0.89382
0.89584
0.89657
0.89531
0.89430
0.89480
0.89571
0.89659
0.89685
0.89577
0.89470
0.89458
0.89460
0.89440
0.89458
0.89535
0.89568
0.89513
0.89483
0.89501
0.89495
0.89484
0.89516
0.89543
0.89474
0.89407
0.89474
0.89570
0.89605
0.89658
0.89768
0.89817
0.89735
0.89663
0.89687
0.89664
