function [ Trkoe ] = TrkoVer5571()
Tk = [
0.98498
0.98040
0.97884
0.98103
0.98192
0.98159
0.98363
0.98706
0.98925
0.99001
0.98796
0.98246
0.97762
0.97731
0.97933
0.97952
0.97892
0.98064
0.98341
0.98292
0.97952
0.97815
0.97918
0.97869
0.97696
0.97741
0.98003
0.98159
0.98133
0.98142
0.98172
0.98063
0.97873
0.97834
0.98096
0.98377
0.98356
0.98276
0.98342
0.98368
0.98234
0.97973
0.97768
0.97823
0.97991
0.97936
0.97679
0.97566
0.97759
0.98051
0.98183
0.98121
0.98009
0.97955
0.98012
0.98166
0.98146
0.97799
0.97556
0.97671
0.97781
0.97723
0.97766
0.97910
0.97857
0.97640
0.97574
0.97665
0.97735
0.97824
0.97973
0.98053
0.97909
0.97569
0.97433
0.97727
0.98057
0.98043
0.97832
0.97663
0.97556
0.97639
0.97989
0.98180
0.97937
0.97614
0.97575
0.97872
0.98207
0.98175
0.97827
0.97513
0.97360
0.97321
0.97327
0.97282
0.97205
0.97291
0.97629
0.97956
0.97931
0.97708
0.97644
0.97675
0.97632
0.97540
0.97539
0.97788
0.98114
0.98177
0.97919
0.97618
0.97538
0.97483
0.97426
0.97640
0.97841
0.97821
0.97896
0.98017
0.97914
0.97679
0.97475
0.97382
0.97450
0.97624
0.97745
0.97655
0.97567
0.97720
0.97809
0.97605
0.97342
0.97289
0.97377
0.97323
0.97132
0.97054
0.97143
0.97339
0.97661
0.98052
0.98200
0.98026
0.97860
0.97816
0.97812
0.97832
0.97858
0.97903
0.97978
0.98010
0.97885
0.97654
0.97543
0.97621
0.97674
0.97584
0.97568
0.97646
0.97579
0.97528
0.97646
0.97584
0.97409
0.97647
0.98090
0.98219
0.98023
0.97711
0.97425
0.97285
0.97349
0.97503
0.97561
0.97436
0.97200
0.97075
0.97177
0.97317
0.97258
0.96973
0.96716
0.96715
0.96958
0.97265
0.97422
0.97460
0.97599
0.97775
0.97774
0.97737
0.97826
0.97915
0.97856
0.97770
0.97906
0.98021
0.97826
0.97688
0.97830
0.97913
0.97790
0.97612
0.97664
0.97959
0.98182
0.98227
0.98150
0.98066
0.98122
0.98176
0.98063
0.97919
0.97799
0.97616
0.97464
0.97416
0.97314
0.97206
0.97330
0.97639
0.97822
0.97701
0.97517
0.97398
0.97221
0.97128
0.97221
0.97259
0.97089
0.96943
0.97121
0.97499
0.97694
0.97560
0.97291
0.97242
0.97411
0.97389
0.97267
0.97398
0.97460
0.97254
0.97200
0.97326
0.97357
0.97463
0.97746
0.98011
0.98150
0.98065
0.97742
0.97378
0.97213
0.97382
0.97734
0.97860
0.97623
0.97428
0.97474
0.97463
0.97341
0.97311
0.97346
0.97329
0.97259
0.97274
0.97477
0.97666
0.97635
0.97565
0.97647
0.97754
0.97711
0.97490
0.97206
0.97216
0.97570
0.97774
0.97617
0.97392
0.97344
0.97438
0.97506
0.97451
0.97240
0.97019
0.97057
0.97322
0.97590
0.97742
0.97705
0.97647
0.97817
0.97986
0.97869
0.97669
0.97601
0.97609
0.97605
0.97568
0.97512
0.97458
0.97390
0.97372
0.97498
0.97708
0.97875
0.97870
0.97697
0.97573
0.97547
0.97535
0.97498
0.97379
0.97360
0.97592
0.97722
0.97520
0.97331
0.97472
0.97751
0.97811
0.97671
0.97500
0.97292
0.97192
0.97394
0.97749
0.97953
0.97895
0.97730
0.97684
0.97731
0.97784
0.97880
0.97929
0.97874
0.97796
0.97654
0.97481
0.97423
0.97417
0.97343
0.97231
0.97167
0.97186
0.97223
0.97217
0.97250
0.97392
0.97472
0.97410
0.97405
0.97476
0.97448
0.97362
0.97409
0.97562
0.97595
0.97481
0.97452
0.97553
0.97588
0.97489
0.97434
0.97557
0.97714
0.97758
0.97710
0.97602
0.97499
0.97506
0.97628
0.97750
0.97785
0.97816
0.97882
0.97893
0.97811
0.97638
0.97434
0.97304
0.97302
0.97395
0.97530
0.97653
0.97676
0.97580
0.97460
0.97386
0.97364
0.97354
0.97332
0.97434
0.97708
0.97801
0.97533
0.97229
0.97170
0.97233
0.97347
0.97588
0.97733
0.97639
0.97564
0.97626
0.97694
0.97611
0.97432
0.97356
0.97305
0.97193
0.97203
0.97385
0.97531
0.97518
0.97416
0.97440
0.97718
0.97983
0.97945
0.97676
0.97438
0.97406
0.97456
0.97395
0.97333
0.97407
0.97486
0.97438
0.97358
0.97312
0.97321
0.97505
0.97767
0.97852
0.97754
0.97642
0.97651
0.97677
0.97556
0.97426
0.97454
0.97515
0.97481
0.97404
0.97363
0.97395
0.97502
0.97630
0.97726
0.97727
0.97619
0.97464
0.97340
0.97356
0.97488
0.97601
0.97668
0.97695
0.97677
0.97639
0.97636
0.97743
0.97890
0.97919
0.97858
0.97831
0.97830
0.97779
0.97632
0.97428
0.97319
0.97455
0.97732
0.97828
0.97684
0.97599
0.97743
0.97949
0.97984
0.97820
0.97643
0.97651
0.97804
0.97835
0.97679
0.97575
0.97616
0.97669
0.97687
0.97674
0.97572
0.97416
0.97363
0.97469
0.97589
0.97649
0.97698
0.97679
0.97642
0.97684
0.97707
0.97637
0.97543
0.97526
0.97661
0.97933
0.98128
0.98032
0.97810
0.97642
0.97427
0.97216
0.97237
0.97410
0.97468
0.97459
0.97576
0.97753
0.97855
0.97882
0.97826
0.97733
0.97737
0.97776
0.97736
0.97633
0.97519
0.97491
0.97495
0.97388
0.97271
0.97294
0.97345
0.97299
0.97290
0.97418
0.97608
0.97713
0.97666
0.97604
0.97630
0.97663
0.97621
0.97572
0.97608
0.97656
0.97641
0.97596
0.97552
0.97517
0.97512
0.97573
0.97705
0.97790
0.97669
0.97436
0.97282
0.97219
0.97337
0.97664
0.97920
0.97968
0.97904
0.97781
0.97663
0.97564
0.97452
0.97431
0.97543
0.97682
0.97790
0.97835
0.97809
0.97810
0.97883
0.97931
0.97897
0.97847
0.97817
0.97728
0.97529
0.97381
0.97444
0.97650
0.97867
0.98000
0.97984
0.97887
0.97843
0.97887
0.97926
0.97857
0.97697
0.97613
0.97724
0.97875
0.97934
0.97922
0.97753
0.97454
0.97238
0.97222
0.97360
0.97554
0.97807
0.97982
0.97827
0.97559
0.97585
0.97825
0.97968
0.98019
0.98074
0.98021
0.97906
0.97879
0.97889
0.97896
0.97914
0.97858
0.97687
0.97539
0.97496
0.97509
0.97548
0.97632
0.97767
0.97793
0.97654
0.97644
0.97811
0.97937
0.98016
0.98066
0.98055
0.98018
0.97942
0.97829
0.97747
0.97685
0.97619
0.97640
0.97747
0.97789
0.97726
0.97614
0.97504
0.97505
0.97689
0.97922
0.97997
0.97968
0.98045
0.98191
0.98121
0.97829
0.97649
0.97676
0.97808
0.97981
0.98045
0.97926
0.97730
0.97614
0.97626
0.97675
0.97687
0.97720
0.97786
0.97767
0.97700
0.97730
0.97813
0.97846
0.97790
0.97675
0.97611
0.97616
0.97633
0.97716
0.97848
0.97904
0.97894
0.97874
0.97852
0.97838
0.97845
0.97847
0.97775
0.97640
0.97534
0.97562
0.97721
0.97814
0.97761
0.97730
0.97801
0.97844
0.97836
0.97899
0.97985
0.97969
0.97906
0.97872
0.97940
0.98112
0.98129
0.97934
0.97828
0.97863
0.97906
0.97946
0.97943
0.97864
0.97795
0.97801
0.97868
0.97972
0.98035
0.97970
0.97792
0.97585
0.97513
0.97625
0.97744
0.97798
0.97868
0.97888
0.97775
0.97676
0.97745
0.97867
0.97866
0.97794
0.97767
0.97793
0.97923
0.98072
0.97983
0.97722
0.97590
0.97610
0.97679
0.97806
0.97898
0.97836
0.97752
0.97736
0.97711
0.97754
0.97915
0.97959
0.97811
0.97717
0.97779
0.97864
0.97839
0.97712
0.97606
0.97578
0.97652
0.97800
0.97856
0.97831
0.97915
0.98034
0.98004
0.97907
0.97798
0.97602
0.97475
0.97586
0.97788
0.97875
0.97840
0.97809
0.97819
0.97753
0.97611
0.97551
0.97564
0.97551
0.97594
0.97693
0.97705
0.97715
0.97824
0.97896
0.97872
0.97841
0.97840
0.97806
0.97705
0.97658
0.97721
0.97788
0.97850
0.97941
0.97995
0.97975
0.97926
0.97861
0.97759
0.97634
0.97573
0.97589
0.97587
0.97601
0.97658
0.97658
0.97632
0.97671
0.97767
0.97868
0.97905
0.97883
0.97856
0.97847
0.97861
0.97876
0.97806
0.97660
0.97557
0.97548
0.97612
0.97692
0.97754
0.97829
0.97931
0.97982
0.97912
0.97807
0.97756
0.97693
0.97622
0.97619
0.97703
0.97784
0.97755
0.97718
0.97841
0.98045
0.98072
0.97827
0.97542
0.97462
0.97571
0.97749
0.97866
0.97810
0.97653
0.97552
0.97610
0.97766
0.97826
0.97798
0.97842
0.97901
0.97858
0.97776
0.97746
0.97726
0.97630
0.97562
0.97668
0.97791
0.97777
0.97738
0.97754
0.97758
0.97685
0.97574
0.97532
0.97585
0.97658
0.97678
0.97635
0.97590
0.97605
0.97661
