function [ Trkoe ] = TrkoVer5693()
Tk = [
0.98080
0.97772
0.97401
0.97062
0.97008
0.97286
0.97481
0.97414
0.97405
0.97709
0.98098
0.97988
0.97429
0.97077
0.97075
0.97246
0.97459
0.97518
0.97305
0.96875
0.96630
0.96843
0.97205
0.97449
0.97714
0.98097
0.98336
0.98212
0.97958
0.97820
0.97734
0.97607
0.97495
0.97430
0.97444
0.97550
0.97465
0.97134
0.96965
0.96919
0.96764
0.96759
0.96939
0.96915
0.96697
0.96615
0.96723
0.96894
0.97044
0.97117
0.97185
0.97247
0.97063
0.96760
0.96765
0.96958
0.96831
0.96369
0.96037
0.96032
0.96313
0.96890
0.97449
0.97592
0.97358
0.96947
0.96625
0.96543
0.96490
0.96463
0.96704
0.97075
0.97199
0.97017
0.96861
0.97016
0.97458
0.97952
0.98176
0.98018
0.97753
0.97744
0.97924
0.97839
0.97400
0.96908
0.96645
0.96725
0.96823
0.96662
0.96580
0.96812
0.96919
0.96630
0.96398
0.96488
0.96675
0.96888
0.97089
0.96964
0.96521
0.96208
0.96185
0.96224
0.96119
0.95956
0.95962
0.96061
0.96130
0.96225
0.96281
0.96158
0.95915
0.95794
0.95881
0.96114
0.96423
0.96602
0.96740
0.97176
0.97769
0.97927
0.97443
0.97069
0.97349
0.97687
0.97559
0.97160
0.96827
0.96706
0.96574
0.96188
0.95755
0.95588
0.95742
0.96073
0.96405
0.96659
0.96709
0.96520
0.96296
0.96185
0.96290
0.96590
0.96842
0.96952
0.96953
0.96880
0.96910
0.97083
0.97269
0.97510
0.97803
0.98021
0.98066
0.97776
0.97166
0.96536
0.96143
0.95998
0.96000
0.96260
0.96819
0.97272
0.97282
0.97152
0.97238
0.97272
0.97026
0.96659
0.96305
0.96077
0.96111
0.96404
0.96669
0.96546
0.96214
0.96116
0.96253
0.96404
0.96391
0.96146
0.95907
0.95782
0.95719
0.95802
0.95888
0.95849
0.95880
0.96036
0.96348
0.96876
0.97280
0.97149
0.96665
0.96440
0.96638
0.96720
0.96423
0.96235
0.96362
0.96462
0.96592
0.97050
0.97583
0.97697
0.97470
0.97350
0.97467
0.97564
0.97585
0.97688
0.97724
0.97481
0.97082
0.96651
0.96244
0.96067
0.96217
0.96436
0.96560
0.96645
0.96612
0.96452
0.96369
0.96372
0.96366
0.96355
0.96310
0.96255
0.96242
0.96299
0.96394
0.96367
0.96218
0.96145
0.96180
0.96341
0.96771
0.97201
0.97212
0.96972
0.96699
0.96367
0.96090
0.96132
0.96582
0.97084
0.97280
0.97367
0.97575
0.97627
0.97320
0.96929
0.96793
0.96849
0.96741
0.96412
0.96135
0.96080
0.96201
0.96401
0.96537
0.96484
0.96337
0.96272
0.96364
0.96766
0.97476
0.97935
0.97805
0.97513
0.97423
0.97410
0.97167
0.96662
0.96241
0.96212
0.96581
0.96909
0.96882
0.96906
0.97223
0.97394
0.97202
0.96852
0.96524
0.96459
0.96760
0.97119
0.97178
0.96923
0.96701
0.96908
0.97398
0.97576
0.97364
0.97052
0.96714
0.96552
0.96608
0.96603
0.96521
0.96486
0.96392
0.96201
0.96220
0.96525
0.96751
0.96705
0.96536
0.96521
0.96685
0.96741
0.96570
0.96367
0.96322
0.96471
0.96812
0.97091
0.97037
0.96865
0.96780
0.96678
0.96534
0.96482
0.96502
0.96422
0.96271
0.96209
0.96289
0.96591
0.97070
0.97321
0.97107
0.96880
0.96982
0.97096
0.96998
0.96828
0.96663
0.96531
0.96455
0.96413
0.96440
0.96549
0.96628
0.96614
0.96576
0.96586
0.96649
0.96655
0.96557
0.96482
0.96573
0.96854
0.97171
0.97204
0.96822
0.96458
0.96559
0.96835
0.96791
0.96532
0.96406
0.96440
0.96469
0.96441
0.96435
0.96549
0.96709
0.96752
0.96790
0.97076
0.97559
0.97873
0.97754
0.97449
0.97356
0.97456
0.97552
0.97553
0.97490
0.97469
0.97488
0.97397
0.97167
0.96996
0.96904
0.96758
0.96751
0.96993
0.97157
0.97037
0.96773
0.96546
0.96467
0.96577
0.96770
0.96819
0.96662
0.96447
0.96356
0.96529
0.96883
0.97101
0.96992
0.96804
0.96860
0.97047
0.97136
0.97131
0.97106
0.96996
0.96733
0.96557
0.96596
0.96649
0.96763
0.96971
0.96986
0.96870
0.96875
0.96934
0.96905
0.96748
0.96546
0.96488
0.96637
0.96818
0.96905
0.96947
0.96881
0.96637
0.96468
0.96601
0.96915
0.97109
0.97025
0.96850
0.96759
0.96631
0.96454
0.96412
0.96465
0.96438
0.96435
0.96614
0.96852
0.96949
0.96901
0.96903
0.97031
0.97060
0.96965
0.96940
0.97007
0.97100
0.97111
0.97042
0.97043
0.97075
0.96985
0.96814
0.96732
0.96812
0.96961
0.97001
0.96880
0.96771
0.96821
0.96938
0.96919
0.96739
0.96601
0.96711
0.97019
0.97123
0.96882
0.96703
0.96807
0.96968
0.96994
0.96882
0.96731
0.96679
0.96762
0.96924
0.97097
0.97154
0.97097
0.97064
0.97045
0.96959
0.96881
0.96899
0.97004
0.97134
0.97215
0.97195
0.97080
0.96956
0.96772
0.96447
0.96288
0.96486
0.96792
0.97019
0.97151
0.97228
0.97177
0.96952
0.96918
0.97250
0.97526
0.97459
0.97200
0.96986
0.96937
0.97013
0.97114
0.97136
0.97064
0.97041
0.97180
0.97355
0.97333
0.97080
0.96772
0.96612
0.96683
0.96891
0.97033
0.96928
0.96756
0.96813
0.96983
0.97084
0.97121
0.97113
0.97138
0.97205
0.97192
0.97040
0.96851
0.96748
0.96719
0.96830
0.97129
0.97301
0.97122
0.96848
0.96773
0.96937
0.97168
0.97281
0.97318
0.97349
0.97286
0.97146
0.97115
0.97171
0.97102
0.96930
0.96839
0.96804
0.96721
0.96723
0.96922
0.97161
0.97234
0.97079
0.96857
0.96798
0.96907
0.96979
0.96943
0.96962
0.97096
0.97192
0.97199
0.97183
0.97168
0.97189
0.97214
0.97128
0.96982
0.96934
0.96969
0.96999
0.96999
0.96916
0.96848
0.97031
0.97326
0.97344
0.97076
0.96879
0.96975
0.97228
0.97388
0.97387
0.97370
0.97401
0.97359
0.97236
0.97110
0.96963
0.96922
0.97082
0.97168
0.97082
0.97093
0.97236
0.97347
0.97387
0.97368
0.97266
0.97123
0.96989
0.96875
0.96832
0.96817
0.96771
0.96841
0.97080
0.97264
0.97177
0.96984
0.96975
0.97085
0.97192
0.97310
0.97367
0.97288
0.97148
0.97122
0.97302
0.97568
0.97695
0.97581
0.97345
0.97167
0.97141
0.97221
0.97296
0.97303
0.97184
0.97012
0.96979
0.97081
0.97183
0.97217
0.97222
0.97201
0.97087
0.96936
0.96857
0.96850
0.96804
0.96675
0.96630
0.96765
0.96874
0.96865
0.96928
0.97104
0.97219
0.97225
0.97179
0.97157
0.97146
0.97051
0.96968
0.97038
0.97139
0.97232
0.97376
0.97405
0.97313
0.97358
0.97519
0.97503
0.97273
0.97099
0.97093
0.97147
0.97169
0.97137
0.97120
0.97185
0.97264
0.97272
0.97206
0.97065
0.96972
0.97006
0.97006
0.97000
0.97138
0.97295
0.97275
0.97128
0.96990
0.96913
0.96959
0.97043
0.97008
0.96964
0.97005
0.96999
0.96939
0.96999
0.97140
0.97131
0.97037
0.97077
0.97126
0.97011
0.96870
0.96824
0.96853
0.96954
0.97071
0.97086
0.97022
0.97006
0.97010
0.96980
0.96996
0.97064
0.97121
0.97168
0.97233
0.97306
0.97332
0.97280
0.97204
0.97172
0.97183
0.97201
0.97199
0.97180
0.97131
0.97013
0.96904
0.96915
0.96966
0.96997
0.97147
0.97378
0.97469
0.97411
0.97326
0.97194
0.96980
0.96869
0.96959
0.97062
0.97104
0.97111
0.97057
0.96998
0.97015
0.97095
0.97158
0.97168
0.97188
0.97197
0.97110
0.97045
0.97062
0.97040
0.97073
0.97212
0.97269
0.97197
0.97078
0.96950
0.96839
0.96775
0.96782
0.96923
0.97141
0.97213
0.97097
0.96978
0.96999
0.97114
0.97164
0.97053
0.96902
0.96951
0.97132
0.97203
0.97160
0.97057
0.96868
0.96661
0.96601
0.96738
0.96913
0.96979
0.96949
0.96940
0.97043
0.97134
0.97059
0.96962
0.96976
0.97046
0.97084
0.97053
0.97051
0.97123
0.97192
0.97200
0.97095
0.96917
0.96807
0.96863
0.96989
0.97041
0.97074
0.97157
0.97198
0.97151
0.97120
0.97110
0.97041
0.96963
0.96912
0.96927
0.97027
0.97072
0.97018
0.96996
0.97037
0.97059
0.97010
0.96934
0.96940
0.97008
0.96988
0.96883
0.96801
0.96755
0.96730
0.96729
0.96801
0.96950
0.96992
0.96852
0.96733
0.96743
0.96807
0.96848
0.96864
0.96890
0.96928
0.96964
0.96994
0.96977
0.96861
0.96768
0.96865
0.97037
0.97097
0.97036
0.96921
0.96830
0.96797
0.96784
0.96769
0.96767
0.96787
0.96837
0.96911
0.96923
0.96860
0.96885
0.96999
0.97022
0.96975
