function [ Trkoe ] = TrkoVer5561()
Tk = [
0.96387
0.96329
0.96103
0.95915
0.95952
0.96029
0.96141
0.96326
0.96222
0.95922
0.95896
0.96141
0.96488
0.96917
0.97241
0.97274
0.97118
0.96949
0.96963
0.97181
0.97364
0.97365
0.97179
0.96957
0.96915
0.96978
0.96838
0.96400
0.95932
0.95643
0.95551
0.95828
0.96427
0.96715
0.96397
0.96013
0.96078
0.96416
0.96740
0.96966
0.97005
0.97093
0.97308
0.97319
0.97226
0.97206
0.97166
0.97176
0.97185
0.96992
0.96757
0.96822
0.97117
0.97294
0.97214
0.96987
0.96785
0.96748
0.97018
0.97377
0.97308
0.96930
0.96812
0.96905
0.96823
0.96664
0.96749
0.96996
0.97218
0.97499
0.97651
0.97396
0.97193
0.97319
0.97266
0.96890
0.96462
0.96123
0.96174
0.96682
0.97078
0.97054
0.96971
0.97086
0.97220
0.97204
0.97071
0.97033
0.97192
0.97310
0.97285
0.97172
0.96941
0.96786
0.96894
0.97158
0.97367
0.97255
0.96872
0.96790
0.97179
0.97493
0.97352
0.96961
0.96876
0.97231
0.97408
0.97125
0.96824
0.96709
0.96653
0.96716
0.96842
0.96823
0.96824
0.97007
0.97165
0.97196
0.97235
0.97307
0.97203
0.96849
0.96567
0.96485
0.96323
0.96194
0.96511
0.96983
0.96968
0.96705
0.96713
0.96921
0.97109
0.97198
0.97162
0.97160
0.97295
0.97330
0.97103
0.96820
0.96782
0.96947
0.97000
0.96850
0.96672
0.96636
0.96901
0.97295
0.97363
0.97081
0.96843
0.96853
0.97027
0.97085
0.96971
0.96953
0.97074
0.97103
0.97119
0.97270
0.97319
0.97048
0.96622
0.96387
0.96469
0.96654
0.96877
0.97051
0.96977
0.96879
0.97039
0.97296
0.97315
0.97082
0.96942
0.97092
0.97366
0.97464
0.97326
0.97228
0.97352
0.97583
0.97561
0.97228
0.97020
0.97189
0.97576
0.97843
0.97798
0.97483
0.97042
0.96649
0.96487
0.96668
0.96972
0.97053
0.97060
0.97253
0.97449
0.97437
0.97391
0.97399
0.97204
0.96801
0.96638
0.96889
0.97127
0.96948
0.96618
0.96583
0.96668
0.96467
0.96181
0.96403
0.97038
0.97373
0.97111
0.96721
0.96666
0.96806
0.96844
0.96874
0.97008
0.97186
0.97378
0.97414
0.97193
0.97010
0.96971
0.96912
0.96952
0.97177
0.97384
0.97390
0.97206
0.97005
0.96920
0.97005
0.97133
0.97059
0.96923
0.96981
0.97149
0.97325
0.97387
0.97248
0.97131
0.97180
0.97206
0.97069
0.96906
0.96878
0.96915
0.96964
0.97117
0.97357
0.97529
0.97492
0.97241
0.96968
0.96943
0.97150
0.97265
0.97189
0.97033
0.96738
0.96476
0.96576
0.96858
0.97032
0.97061
0.96970
0.96958
0.97172
0.97360
0.97395
0.97282
0.97038
0.96992
0.97218
0.97402
0.97367
0.97150
0.97060
0.97294
0.97405
0.97056
0.96635
0.96539
0.96696
0.96960
0.97248
0.97335
0.97159
0.97020
0.97085
0.97217
0.97327
0.97396
0.97421
0.97480
0.97549
0.97492
0.97309
0.97055
0.96779
0.96656
0.96751
0.96877
0.96923
0.97011
0.97254
0.97452
0.97344
0.97105
0.97041
0.97175
0.97328
0.97360
0.97290
0.97147
0.96979
0.96985
0.97213
0.97480
0.97582
0.97440
0.97243
0.97266
0.97479
0.97630
0.97578
0.97357
0.97087
0.96894
0.96833
0.96811
0.96756
0.96801
0.97003
0.97215
0.97329
0.97303
0.97252
0.97347
0.97403
0.97226
0.97093
0.97214
0.97302
0.97148
0.97023
0.97070
0.97199
0.97364
0.97432
0.97362
0.97310
0.97232
0.97087
0.97086
0.97210
0.97189
0.97042
0.96995
0.97098
0.97289
0.97480
0.97509
0.97343
0.97134
0.96993
0.96851
0.96743
0.96868
0.97147
0.97390
0.97443
0.97273
0.97125
0.97121
0.97185
0.97368
0.97637
0.97745
0.97546
0.97210
0.96985
0.96969
0.97129
0.97389
0.97593
0.97624
0.97624
0.97627
0.97410
0.97149
0.97178
0.97298
0.97257
0.97165
0.97103
0.97050
0.97093
0.97324
0.97690
0.97853
0.97610
0.97303
0.97225
0.97275
0.97348
0.97431
0.97446
0.97386
0.97307
0.97185
0.97166
0.97290
0.97236
0.97022
0.96992
0.97177
0.97398
0.97501
0.97424
0.97219
0.97042
0.97055
0.97192
0.97263
0.97326
0.97495
0.97685
0.97796
0.97759
0.97618
0.97600
0.97756
0.97836
0.97720
0.97606
0.97599
0.97535
0.97407
0.97367
0.97347
0.97205
0.97041
0.97063
0.97193
0.97232
0.97214
0.97244
0.97327
0.97429
0.97556
0.97738
0.97822
0.97635
0.97338
0.97195
0.97219
0.97285
0.97391
0.97494
0.97461
0.97440
0.97498
0.97361
0.97128
0.97198
0.97483
0.97579
0.97455
0.97353
0.97357
0.97367
0.97283
0.97085
0.96905
0.97006
0.97362
0.97672
0.97902
0.97998
0.97757
0.97435
0.97414
0.97513
0.97492
0.97443
0.97423
0.97412
0.97450
0.97556
0.97616
0.97552
0.97476
0.97488
0.97562
0.97610
0.97584
0.97504
0.97435
0.97508
0.97697
0.97844
0.97867
0.97806
0.97782
0.97731
0.97540
0.97392
0.97442
0.97585
0.97691
0.97782
0.97782
0.97513
0.97287
0.97434
0.97650
0.97585
0.97313
0.97146
0.97257
0.97496
0.97690
0.97822
0.97856
0.97795
0.97794
0.97876
0.97915
0.97909
0.97803
0.97583
0.97517
0.97688
0.97800
0.97749
0.97752
0.97806
0.97723
0.97608
0.97643
0.97798
0.97892
0.97761
0.97575
0.97573
0.97616
0.97571
0.97582
0.97650
0.97670
0.97735
0.97794
0.97726
0.97668
0.97681
0.97680
0.97664
0.97626
0.97587
0.97678
0.97914
0.98049
0.97910
0.97624
0.97337
0.97118
0.97127
0.97372
0.97570
0.97557
0.97423
0.97288
0.97172
0.97140
0.97321
0.97560
0.97570
0.97474
0.97565
0.97776
0.97887
0.97885
0.97840
0.97810
0.97785
0.97675
0.97493
0.97355
0.97354
0.97464
0.97618
0.97811
0.97932
0.97868
0.97759
0.97798
0.97914
0.97901
0.97816
0.97860
0.98012
0.98093
0.97972
0.97641
0.97333
0.97380
0.97716
0.97959
0.98045
0.98117
0.98075
0.97880
0.97752
0.97850
0.98082
0.98178
0.98008
0.97735
0.97542
0.97450
0.97461
0.97539
0.97578
0.97628
0.97816
0.98015
0.98056
0.98035
0.98008
0.97911
0.97808
0.97760
0.97753
0.97738
0.97660
0.97621
0.97742
0.97933
0.98036
0.98091
0.98206
0.98270
0.98128
0.97951
0.97957
0.98060
0.98080
0.98006
0.97963
0.98001
0.98090
0.98203
0.98276
0.98268
0.98196
0.98086
0.97981
0.97931
0.97869
0.97740
0.97707
0.97856
0.98011
0.98056
0.98035
0.97940
0.97759
0.97655
0.97732
0.97875
0.97981
0.98046
0.98044
0.97958
0.97890
0.97901
0.97899
0.97902
0.98037
0.98226
0.98285
0.98177
0.98011
0.97984
0.98131
0.98244
0.98215
0.98097
0.97965
0.97897
0.97917
0.98006
0.98131
0.98231
0.98251
0.98192
0.98165
0.98240
0.98236
0.98105
0.98055
0.98060
0.98030
0.98074
0.98171
0.98134
0.97920
0.97678
0.97554
0.97621
0.97804
0.97990
0.98146
0.98149
0.97971
0.97846
0.97912
0.98053
0.98142
0.98181
0.98163
0.98096
0.98024
0.97977
0.98016
0.98107
0.98152
0.98164
0.98141
0.98093
0.98095
0.98096
0.98039
0.97978
0.97973
0.98090
0.98290
0.98394
0.98298
0.98070
0.97910
0.97939
0.98082
0.98204
0.98270
0.98314
0.98336
0.98288
0.98168
0.98101
0.98123
0.98069
0.97936
0.97937
0.98016
0.97990
0.97950
0.97939
0.97936
0.97969
0.97916
0.97812
0.97788
0.97835
0.98036
0.98307
0.98324
0.98150
0.98128
0.98211
0.98146
0.98021
0.98028
0.98115
0.98203
0.98285
0.98286
0.98152
0.98022
0.98089
0.98259
0.98245
0.98093
0.98030
0.98123
0.98279
0.98289
0.98172
0.98136
0.98204
0.98251
0.98192
0.98175
0.98294
0.98312
0.98163
0.98064
0.98071
0.98101
0.98135
0.98151
0.98093
0.98002
0.98035
0.98179
0.98226
0.98182
0.98176
0.98163
0.98098
0.98096
0.98216
0.98299
0.98236
0.98094
0.97936
0.97867
0.97972
0.98132
0.98210
0.98234
0.98241
0.98204
0.98184
0.98241
0.98301
0.98298
0.98288
0.98261
0.98156
0.98098
0.98133
0.98172
0.98266
0.98425
0.98528
0.98513
0.98428
0.98400
0.98415
0.98301
0.98125
0.98103
0.98159
0.98183
0.98214
0.98163
0.98007
0.98005
0.98253
0.98441
0.98385
0.98288
0.98257
0.98220
0.98200
0.98222
0.98216
0.98176
0.98177
0.98225
0.98240
0.98253
0.98321
0.98335
0.98302
0.98376
0.98524
0.98612
0.98585
0.98452
0.98281
0.98202
0.98274
0.98328
0.98291
0.98357
