function [ Trkoe ] = Trko()
Tk = [0.979050000	0.966970000	0.969780000	0.980510000	0.974110000	0.958630000	0.952710000	0.949430000	0.944320000	0.950420000	0.969130000	0.983020000	0.972390000	0.946340000	0.941230000	0.963390000	0.976400000	0.970280000	0.963230000	0.956930000	0.959450000	0.970750000	0.977370000	0.986480000	0.991480000	0.981630000	0.981230000	1.000040000	1.008180000	0.991400000	0.961660000	0.929340000	0.915840000	0.925620000	0.933420000	0.926380000	0.917380000	0.921760000	0.928580000	0.927260000	0.926550000	0.933610000	0.960720000	0.998870000	1.001240000	0.967310000	0.944710000	0.953990000	0.978300000	0.996040000	0.996150000	0.974760000	0.939320000	0.913130000	0.917200000	0.937770000	0.931890000	0.898020000	0.882260000	0.890660000	0.898420000	0.908730000	0.933340000	0.955310000	0.958510000	0.941360000	0.896400000	0.851100000	0.845730000	0.864870000	0.877290000	0.891240000	0.913510000	0.931900000	0.929360000	0.897270000	0.868000000	0.868570000	0.884900000	0.892430000	0.878230000	0.861690000	0.871690000	0.886560000	0.865500000	0.832470000	0.837860000	0.856960000	0.839570000	0.821040000	0.849000000	0.887760000	0.881850000	0.859010000	0.863790000	0.881300000	0.878480000	0.852040000	0.850370000	0.912320000	0.989300000	0.992200000	0.925840000	0.865120000	0.859880000	0.887120000	0.886830000	0.866910000	0.858020000	0.860380000	0.877160000	0.892420000	0.887090000	0.880270000	0.883540000	0.871930000	0.851150000	0.863130000	0.894840000	0.918380000	0.939350000	0.960710000	0.983450000	0.983100000	0.951760000	0.927400000	0.901480000	0.859620000	0.853380000	0.906450000	0.954250000	0.955550000	0.951390000	0.957140000	0.949210000	0.926550000	0.925470000	0.969020000	1.019090000	1.045820000	1.078000000	1.112190000	1.118020000	1.107480000	1.084000000	1.044970000	1.006230000	0.970840000	0.954450000	0.985570000	1.048480000	1.090330000	1.091950000	1.071470000	1.061060000	1.075220000	1.074380000	1.042510000	1.018480000	1.009810000	0.991910000	0.974720000	0.993830000	1.026600000	1.023110000	1.008050000	1.026230000	1.070220000	1.105810000	1.112590000	1.093480000	1.068460000	1.060350000	1.064290000	1.054130000	1.037820000	1.042090000	1.055980000	1.060020000	1.057850000	1.054360000	1.057790000	1.068920000	1.076490000	1.073370000	1.053140000	1.030610000	1.032080000	1.049640000	1.057170000	1.053320000	1.047070000	1.043120000	1.042280000	1.038880000	1.032090000	1.029260000	1.030060000	1.039080000	1.063740000	1.078500000	1.066330000	1.057560000	1.063880000	1.063550000	1.050090000	1.041990000	1.054120000	1.074830000	1.078830000	1.063430000	1.051100000	1.049540000	1.046920000	1.040060000	1.035460000	1.038940000	1.047780000	1.056330000	1.060320000	1.051920000	1.042280000	1.048420000	1.059320000	1.062080000	1.055810000	1.041370000	1.031250000	1.029940000	1.027940000	1.030490000	1.044940000	1.054310000	1.043000000	1.027730000	1.028240000	1.035120000	1.037510000	1.043150000	1.054070000	1.060880000	1.062350000	1.061850000	1.056670000	1.047070000	1.039890000	1.039370000	1.039440000	1.030160000	1.016340000	1.012620000	1.019820000	1.029630000	1.033460000	1.027320000	1.020230000	1.020600000	1.029800000	1.044100000	1.052440000	1.048030000	1.035440000	1.027920000	1.029420000	1.028840000	1.022640000	1.016870000	1.016720000	1.021480000	1.023210000	1.022040000	1.024620000	1.022850000	1.012420000	1.009710000	1.014580000	1.016290000	1.021570000	1.028380000	1.028060000	1.028180000	1.034230000	1.037760000	1.033190000	1.026140000	1.021420000	1.018380000	1.017070000	1.018800000	1.023100000	1.027160000	1.027560000	1.024550000	1.021200000	1.018840000	1.018560000	1.018480000	1.017150000	1.020560000	1.028700000	1.031780000	1.027050000	1.020010000	1.017140000	1.019060000	1.019170000	1.018510000	1.023920000	1.028900000	1.026350000	1.023490000	1.028260000	1.035320000	1.033790000	1.025080000	1.018210000	1.015710000	1.016460000	1.018880000	1.020750000	1.022280000	1.024840000	1.027170000	1.028190000	1.027420000	1.025220000	1.023600000	1.021800000	1.021290000	1.023820000	1.025370000	1.024900000	1.024310000	1.020340000	1.009830000	0.999770000	1.000450000	1.010460000	1.018080000	1.017270000	1.014690000	1.015550000	1.015940000	1.014520000	1.017020000	1.023790000	1.025800000	1.021790000	1.018820000	1.017480000	1.015500000	1.013990000	1.015040000	1.018370000	1.020030000	1.017790000	1.016870000	1.019370000	1.019420000	1.016980000	1.015200000	1.014380000	1.017070000	1.021470000	1.022370000	1.019490000	1.017010000	1.018700000	1.019740000	1.017080000	1.015520000	1.014800000	1.013410000	1.012310000	1.011550000	1.012390000	1.013800000	1.014700000	1.016620000	1.017980000	1.017790000	1.017770000	1.015580000	1.012760000	1.015190000	1.019800000	1.021580000	1.020670000	1.016900000	1.012680000	1.012380000	1.014780000	1.016040000	1.016090000	1.014740000	1.011350000	1.009040000	1.010050000	1.012020000	1.011760000	1.008730000	1.004750000	1.003800000	1.008270000	1.012990000	1.012850000	1.012260000	1.014360000	1.013930000	1.010590000	1.010440000	1.012680000	1.013010000	1.012110000	1.012300000	1.014020000	1.016640000	1.018780000	1.018620000	1.015530000	1.010600000	1.006720000	1.007270000	1.010710000	1.012480000	1.011710000	1.008940000	1.005560000	1.005700000	1.009600000	1.012400000	1.012380000	1.010730000	1.007530000	1.004520000	1.004930000	1.008080000	1.010500000	1.010740000	1.008720000	1.005320000	1.004000000	1.005560000	1.006800000	1.006940000	1.005980000	1.004000000	1.002860000	1.002440000	1.002950000	1.005010000	1.005700000	1.003620000	1.000840000	0.998740000	0.998210000	0.999510000	1.000940000	1.001790000	1.002780000	1.002690000	1.001440000	1.001520000	1.001910000	1.000930000	1.001860000	1.005870000	1.009130000	1.009100000	1.007160000	1.006000000	1.006060000	1.006170000	1.005850000	1.005200000	1.003940000	1.002530000	1.003180000	1.006430000	1.009580000	1.009370000	1.006510000	1.003890000	1.002010000	1.001440000	1.002350000	1.003400000	1.005310000	1.007880000	1.007910000	1.005190000	1.003270000	1.002910000	1.002200000	1.000540000	0.999340000	1.000870000	1.004120000	1.005230000	1.003730000	1.002210000	1.001930000	1.002400000	1.002770000	1.002070000	1.000620000	1.000560000	1.003280000	1.006260000	1.005090000	1.000730000	0.997980000	0.997900000	0.999560000	1.001780000	1.001350000	0.998600000	0.998420000	1.001370000	1.003960000	1.005160000	1.004750000	1.003470000	1.002820000	1.001210000	0.998840000	0.998540000	0.999780000	1.001100000	1.002990000	1.005120000	1.005170000	1.002670000	1.000060000	0.999030000	0.998720000	0.997230000	0.995210000	0.993510000	0.992530000	0.994680000	0.999370000	1.002360000	1.002030000	1.000150000	0.998710000	0.998120000	0.996940000	0.994530000	0.993830000	0.996420000	0.998560000	0.998260000	0.999510000	1.003130000	1.004560000	1.003790000	1.003270000	1.001270000	0.997600000	0.996240000	0.998700000	1.001120000	1.001060000	1.000050000	0.999300000	0.998430000	0.996640000	0.994850000	0.995510000	0.998270000	0.999650000	0.998270000	0.996890000	0.997770000	0.999620000	1.000470000	1.000120000	0.998650000	0.997320000	0.998160000	0.999460000	0.998540000	0.997170000	0.998260000	1.000720000	1.001400000	1.000360000	1.000290000	1.001130000	1.000550000	0.998750000	0.998390000	1.000170000	1.002100000	1.002560000	1.001320000	0.999170000	0.997770000	0.998120000	0.998110000	0.995430000	0.993340000	0.995260000	0.997490000	0.996930000	0.995630000	0.995050000	0.995780000	0.997090000	0.997650000	0.997620000	0.996710000	0.995730000	0.996690000	0.999540000	1.003330000	1.006420000	1.006170000	1.001840000	0.998470000	1.000530000	1.003210000	1.001600000	0.997690000	0.994640000	0.994160000	0.995460000	0.996830000	0.998160000	0.999090000	0.998270000	0.996780000	0.997120000	0.999220000	1.002040000	1.003890000	1.002560000	0.998950000	0.996840000	0.998540000	1.000720000	0.999350000	0.996090000	0.993600000	0.993510000	0.996310000	0.998750000	0.997850000	0.995940000	0.997390000	1.002260000	1.004500000	0.999800000	0.993020000	0.991320000	0.995280000	0.999180000	1.000020000	1.000470000	0.999990000	0.996460000	0.993060000	