function [ Trkoe ] = TrkoVer5563()
Tk = [
0.91856
0.91891
0.92213
0.92297
0.92023
0.91957
0.92196
0.92405
0.92530
0.92572
0.92536
0.92339
0.91930
0.91720
0.91985
0.92428
0.92689
0.92655
0.92393
0.92075
0.91891
0.92000
0.92206
0.92240
0.92291
0.92398
0.92502
0.92761
0.92888
0.92616
0.92365
0.92400
0.92341
0.92075
0.92081
0.92498
0.92958
0.93134
0.92906
0.92515
0.92310
0.92207
0.92038
0.91949
0.91961
0.91958
0.91961
0.92044
0.92189
0.92199
0.92130
0.92209
0.92384
0.92606
0.92756
0.92596
0.92273
0.92098
0.92145
0.92373
0.92597
0.92722
0.92827
0.92731
0.92330
0.92018
0.92108
0.92354
0.92360
0.92201
0.92087
0.92022
0.92013
0.92050
0.92089
0.92238
0.92680
0.93097
0.92993
0.92591
0.92280
0.92177
0.92343
0.92580
0.92560
0.92296
0.92046
0.91845
0.91576
0.91410
0.91584
0.91962
0.92211
0.92339
0.92502
0.92480
0.92165
0.92006
0.92229
0.92447
0.92415
0.92339
0.92498
0.92842
0.92886
0.92530
0.92247
0.92232
0.92232
0.92014
0.91904
0.92180
0.92395
0.92303
0.92175
0.92110
0.92077
0.92124
0.92239
0.92359
0.92505
0.92724
0.92824
0.92632
0.92488
0.92560
0.92519
0.92383
0.92429
0.92529
0.92484
0.92452
0.92476
0.92349
0.92209
0.92242
0.92288
0.92239
0.92057
0.91775
0.91701
0.92001
0.92280
0.92319
0.92463
0.92713
0.92683
0.92461
0.92533
0.92856
0.93002
0.93050
0.93162
0.93213
0.93014
0.92600
0.92316
0.92205
0.91956
0.91616
0.91563
0.92058
0.92773
0.93007
0.92776
0.92747
0.92865
0.92684
0.92340
0.92150
0.92078
0.92069
0.92149
0.92175
0.92120
0.92058
0.91833
0.91537
0.91526
0.91643
0.91710
0.91817
0.91894
0.91974
0.92128
0.92223
0.92264
0.92265
0.92216
0.92227
0.92327
0.92509
0.92715
0.92744
0.92581
0.92412
0.92285
0.92079
0.91848
0.91912
0.92133
0.92206
0.92407
0.92737
0.92721
0.92462
0.92483
0.92753
0.92929
0.93069
0.93236
0.93165
0.92856
0.92610
0.92411
0.92241
0.92225
0.92236
0.92138
0.92070
0.92077
0.91998
0.91834
0.91729
0.91719
0.91832
0.92097
0.92303
0.92281
0.92226
0.92254
0.92204
0.91994
0.91838
0.91975
0.92194
0.92254
0.92319
0.92474
0.92605
0.92582
0.92385
0.92217
0.92060
0.91833
0.91860
0.92190
0.92508
0.92704
0.92734
0.92772
0.92943
0.92853
0.92411
0.92117
0.92063
0.91968
0.91934
0.92120
0.92411
0.92565
0.92534
0.92486
0.92411
0.92360
0.92446
0.92473
0.92412
0.92426
0.92401
0.92232
0.92181
0.92420
0.92657
0.92581
0.92228
0.91949
0.92108
0.92636
0.93068
0.92990
0.92576
0.92367
0.92436
0.92366
0.92078
0.91849
0.91896
0.92256
0.92623
0.92660
0.92471
0.92361
0.92495
0.92718
0.92686
0.92477
0.92433
0.92485
0.92542
0.92636
0.92571
0.92339
0.92218
0.92272
0.92333
0.92386
0.92506
0.92580
0.92539
0.92449
0.92348
0.92236
0.92113
0.91995
0.91932
0.91950
0.92011
0.92160
0.92407
0.92576
0.92569
0.92501
0.92524
0.92620
0.92606
0.92418
0.92228
0.92141
0.92128
0.92140
0.92150
0.92285
0.92575
0.92753
0.92712
0.92634
0.92701
0.92905
0.93059
0.93030
0.92814
0.92455
0.92115
0.91956
0.91904
0.91856
0.91828
0.91810
0.91922
0.92296
0.92636
0.92677
0.92584
0.92533
0.92551
0.92559
0.92436
0.92229
0.92100
0.92131
0.92341
0.92624
0.92727
0.92588
0.92379
0.92207
0.92145
0.92263
0.92474
0.92557
0.92463
0.92406
0.92509
0.92755
0.93046
0.93203
0.93192
0.93086
0.93000
0.93021
0.92984
0.92783
0.92531
0.92435
0.92626
0.92842
0.92774
0.92517
0.92328
0.92371
0.92549
0.92598
0.92526
0.92481
0.92542
0.92729
0.92820
0.92746
0.92702
0.92646
0.92574
0.92628
0.92592
0.92358
0.92256
0.92321
0.92382
0.92616
0.92882
0.92725
0.92384
0.92363
0.92602
0.92773
0.92861
0.92990
0.93028
0.92836
0.92582
0.92507
0.92627
0.92768
0.92819
0.92844
0.92892
0.92899
0.92868
0.92777
0.92570
0.92462
0.92529
0.92444
0.92237
0.92228
0.92333
0.92401
0.92552
0.92716
0.92725
0.92690
0.92672
0.92572
0.92492
0.92578
0.92726
0.92821
0.92872
0.92874
0.92869
0.92928
0.92930
0.92754
0.92554
0.92457
0.92420
0.92423
0.92456
0.92500
0.92690
0.93060
0.93281
0.93197
0.93023
0.92897
0.92829
0.92830
0.92877
0.92931
0.92963
0.92924
0.92852
0.92881
0.93001
0.92999
0.92809
0.92761
0.92999
0.93235
0.93329
0.93317
0.93188
0.93042
0.92983
0.92939
0.92896
0.92920
0.92991
0.93117
0.93275
0.93314
0.93123
0.92831
0.92711
0.92796
0.92922
0.93068
0.93261
0.93397
0.93431
0.93373
0.93153
0.92944
0.92986
0.93087
0.93048
0.92950
0.92978
0.93148
0.93255
0.93295
0.93317
0.93114
0.92768
0.92702
0.92975
0.93230
0.93289
0.93238
0.93166
0.93109
0.93091
0.93066
0.92998
0.92967
0.93015
0.93105
0.93194
0.93258
0.93304
0.93259
0.93087
0.92912
0.92810
0.92792
0.92876
0.93053
0.93280
0.93420
0.93370
0.93232
0.93079
0.92902
0.92813
0.92878
0.93020
0.93172
0.93271
0.93248
0.93086
0.92907
0.92895
0.93062
0.93275
0.93443
0.93534
0.93457
0.93216
0.93071
0.93171
0.93291
0.93251
0.93162
0.93140
0.93175
0.93195
0.93161
0.93147
0.93185
0.93221
0.93330
0.93515
0.93523
0.93379
0.93379
0.93430
0.93337
0.93243
0.93263
0.93290
0.93222
0.93115
0.93105
0.93226
0.93362
0.93418
0.93394
0.93350
0.93389
0.93491
0.93481
0.93263
0.92962
0.92855
0.93045
0.93300
0.93389
0.93294
0.93133
0.93185
0.93461
0.93533
0.93339
0.93231
0.93303
0.93390
0.93423
0.93422
0.93394
0.93419
0.93528
0.93602
0.93545
0.93401
0.93327
0.93370
0.93386
0.93320
0.93280
0.93253
0.93222
0.93330
0.93549
0.93676
0.93648
0.93551
0.93510
0.93546
0.93560
0.93539
0.93500
0.93424
0.93393
0.93441
0.93436
0.93372
0.93378
0.93466
0.93553
0.93624
0.93705
0.93802
0.93854
0.93832
0.93902
0.94068
0.93971
0.93593
0.93374
0.93402
0.93404
0.93336
0.93299
0.93299
0.93342
0.93453
0.93612
0.93679
0.93558
0.93436
0.93459
0.93535
0.93586
0.93587
0.93579
0.93687
0.93779
0.93665
0.93552
0.93624
0.93725
0.93756
0.93731
0.93638
0.93583
0.93620
0.93677
0.93779
0.93888
0.93856
0.93733
0.93691
0.93731
0.93728
0.93624
0.93444
0.93280
0.93246
0.93370
0.93541
0.93684
0.93810
0.93812
0.93650
0.93550
0.93609
0.93699
0.93752
0.93741
0.93699
0.93743
0.93832
0.93810
0.93759
0.93790
0.93748
0.93596
0.93550
0.93632
0.93689
0.93739
0.93783
0.93770
0.93807
0.93895
0.93833
0.93628
0.93496
0.93534
0.93678
0.93821
0.93848
0.93768
0.93714
0.93731
0.93760
0.93722
0.93625
0.93575
0.93591
0.93613
0.93665
0.93742
0.93740
0.93708
0.93712
0.93717
0.93809
0.93917
0.93858
0.93834
0.93974
0.94009
0.93882
0.93814
0.93795
0.93722
0.93658
0.93700
0.93809
0.93840
0.93806
0.93806
0.93775
0.93689
0.93611
0.93528
0.93461
0.93448
0.93470
0.93550
0.93636
0.93624
0.93570
0.93612
0.93762
0.93888
0.93960
0.94045
0.94002
0.93781
0.93633
0.93656
0.93742
0.93859
0.93903
0.93773
0.93692
0.93755
0.93779
0.93746
0.93732
0.93772
0.93841
0.93872
0.93885
0.93870
0.93750
0.93617
0.93671
0.93873
0.94019
0.94051
0.93997
0.93880
0.93743
0.93714
0.93846
0.93939
0.93877
0.93782
0.93776
0.93824
0.93767
0.93638
0.93656
0.93772
0.93756
0.93645
0.93659
0.93854
0.94071
0.94082
0.93875
0.93727
0.93779
0.93895
0.93944
0.93907
0.93804
0.93689
0.93645
0.93698
0.93793
0.93871
0.93910
0.93958
0.93978
0.93894
0.93846
0.93881
0.93862
0.93810
0.93799
0.93855
0.93966
0.94080
0.94150
0.94101
0.94001
0.94037
0.94194
0.94223
0.93997
0.93763
0.93732
0.93774
0.93753
0.93712
0.93734
0.93791
0.93846
0.93908
0.93952
0.93937
0.93828
0.93725
0.93748
0.93845
0.93937
0.93951
0.93856
0.93760
0.93760
0.93808
0.93802
0.93788
0.93889
0.94076
0.94148
0.94058
0.94003
0.94038
0.94037
0.93931
0.93844
0.93951
0.94111
0.94095
0.93961
0.93877
0.93869
0.93845
0.93851
