function [ Trkoekaol2 ] = Trkokaol2()
Tk = [0.7273600	0.7369500	0.7489500	0.7550800	0.7554700	0.7513700	0.7494800	0.7497100	0.7484500	0.7462000	0.7463400	0.7471600	0.7373800	0.7209900	0.7197300	0.7418500	0.7721100	0.7839100	0.7753400	0.7690500	0.7636600	0.7434600	0.7194400	0.7097100	0.7205500	0.7409600	0.7445700	0.7334000	0.7388700	0.7633500	0.7777300	0.7688600	0.7469100	0.7292700	0.7328000	0.7463600	0.7495700	0.7449500	0.7352700	0.7214000	0.7045500	0.6937000	0.7101200	0.7402400	0.7394800	0.7049000	0.6701100	0.6630800	0.6868900	0.7096900	0.7169000	0.7263900	0.7372100	0.7314900	0.7142200	0.7103300	0.7237400	0.7254500	0.7144000	0.7172100	0.7225300	0.7115000	0.7053900	0.7198100	0.7459400	0.7536000	0.7201700	0.6945900	0.7071800	0.7245600	0.7249200	0.7164000	0.7147100	0.7290000	0.7515200	0.7702500	0.7742400	0.7722300	0.7797300	0.7790800	0.7551600	0.7309500	0.7210300	0.7167900	0.7121000	0.7014800	0.6901700	0.6774000	0.6566400	0.6574800	0.6898200	0.7151100	0.7291600	0.7550900	0.7817400	0.7788000	0.7470000	0.7109000	0.6943400	0.7117300	0.7349900	0.7275800	0.6968900	0.6705200	0.6675700	0.6782400	0.6887000	0.6981100	0.7024200	0.7176500	0.7345800	0.7137100	0.6838500	0.6919700	0.7220000	0.7395800	0.7567500	0.7845000	0.7988500	0.8080000	0.8149100	0.7851000	0.7481600	0.7477200	0.7623000	0.7775800	0.7839500	0.7647300	0.7549600	0.7740700	0.7860400	0.7798400	0.7727000	0.7785200	0.8053800	0.8357100	0.8463900	0.8290500	0.7981600	0.7758000	0.7759800	0.7980300	0.8113100	0.7821600	0.7554400	0.7943200	0.8671200	0.8873600	0.8474400	0.7999300	0.7775900	0.7936800	0.8409800	0.8743200	0.8667700	0.8512600	0.8467700	0.8389300	0.8162900	0.7804000	0.7500700	0.7396500	0.7473000	0.7662500	0.7801400	0.7858500	0.7953300	0.8034000	0.8055800	0.8071800	0.8071100	0.7991000	0.7926300	0.8064300	0.8218400	0.8134100	0.8015800	0.7995500	0.7913700	0.7832500	0.7856700	0.7932300	0.8055900	0.8129800	0.8116400	0.8140700	0.8143700	0.8051900	0.8038700	0.8154500	0.8126500	0.7891000	0.7708300	0.7725000	0.7881500	0.8003700	0.8038200	0.8036200	0.7986400	0.7966500	0.8002800	0.8017400	0.8034900	0.8080600	0.8052200	0.7913600	0.7795300	0.7783400	0.7842500	0.7952700	0.8090100	0.8159600	0.8125700	0.8023500	0.7898100	0.7836300	0.7875900	0.7924500	0.7916000	0.7950900	0.8051500	0.8036500	0.7873100	0.7751900	0.7770700	0.7819300	0.7794800	0.7772400	0.7845200	0.7989900	0.8076200	0.8041800	0.7969700	0.7892400	0.7804400	0.7761200	0.7802600	0.7908900	0.7959600	0.7871400	0.7778700	0.7794300	0.7829200	0.7814500	0.7785400	0.7765200	0.7806700	0.7939600	0.8017500	0.7950900	0.7873000	0.7841000	0.7828800	0.7848600	0.7853400	0.7828200	0.7791800	0.7722200	0.7676400	0.7717000	0.7777800	0.7778600	0.7731700	0.7700900	0.7738400	0.7806900	0.7822500	0.7782200	0.7750800	0.7764900	0.7793400	0.7812200	0.7834900	0.7843000	0.7833200	0.7831000	0.7835200	0.7843100	0.7868200	0.7908700	0.7895200	0.7795600	0.7734200	0.7793500	0.7885500	0.7917300	0.7902400	0.7910300	0.7924500	0.7880400	0.7843300	0.7875600	0.7890300	0.7842900	0.7814400	0.7856200	0.7930000	0.7971800	0.7974800	0.7973900	0.7972400	0.7939700	0.7864600	0.7780900	0.7747000	0.7784600	0.7844100	0.7868500	0.7857600	0.7827200	0.7782800	0.7757800	0.7796000	0.7856500	0.7867900	0.7838600	0.7813100	0.7812100	0.7804700	0.7779200	0.7803800	0.7869400	0.7886300	0.7851500	0.7809500	0.7781200	0.7795300	0.7861900	0.7923800	0.7912200	0.7857500	0.7821800	0.7786700	0.7762700	0.7807100	0.7869900	0.7876100	0.7838000	0.7786800	0.7773800	0.7813600	0.7833300	0.7800700	0.7762700	0.7762700	0.7812700	0.7857200	0.7827500	0.7791800	0.7832900	0.7876800	0.7856300	0.7823800	0.7815400	0.7798900	0.7770800	0.7770300	0.7808900	0.7853700	0.7864500	0.7846300	0.7848600	0.7875200	0.7893600	0.7898000	0.7879500	0.7833900	0.7802000	0.7815500	0.7843400	0.7848000	0.7845900	0.7857300	0.7862900	0.7844600	0.7806600	0.7768400	0.7752700	0.7760200	0.7776100	0.7793400	0.7808700	0.7819400	0.7809500	0.7780000	0.7767600	0.7766500	0.7758200	0.7766000	0.7787500	0.7795400	0.7791900	0.7797600	0.7816500	0.7838100	0.7854900	0.7862600	0.7859100	0.7846300	0.7833800	0.7830400	0.7829900	0.7830100	0.7835400	0.7849100	0.7866100	0.7854700	0.7807200	0.7774200	0.7791700	0.7837000	0.7856200	0.7818600	0.7761800	0.7744300	0.7777100	0.7820000	0.7837700	0.7846600	0.7865000	0.7878300	0.7877800	0.7860900	0.7817400	0.7775300	0.7776600	0.7793300	0.7788400	0.7780300	0.7784700	0.7802900	0.7834400	0.7863500	0.7862200	0.7839300	0.7841300	0.7865200	0.7880700	0.7878700	0.7846400	0.7809500	0.7812500	0.7836000	0.7843800	0.7850600	0.7865100	0.7870200	0.7874200	0.7882200	0.7875100	0.7863700	0.7873900	0.7891900	0.7893800	0.7886700	0.7886400	0.7882500	0.7860300	0.7844400	0.7854900	0.7876400	0.7896900	0.7906500	0.7900600	0.7891800	0.7883300	0.7876100	0.7868400	0.7846300	0.7825200	0.7832000	0.7845800	0.7845800	0.7849100	0.7859100	0.7861900	0.7862300	0.7873700	0.7894300	0.7906700	0.7903100	0.7892500	0.7874200	0.7848600	0.7841500	0.7863300	0.7890000	0.7913400	0.7940000	0.7956900	0.7946200	0.7914400	0.7891400	0.7882000	0.7864800	0.7847700	0.7841000	0.7838500	0.7848900	0.7872100	0.7888600	0.7891300	0.7887500	0.7880400	0.7879600	0.7907600	0.7953700	0.7968300	0.7942200	0.7913400	0.7900600	0.7903500	0.7914900	0.7922100	0.7923800	0.7919000	0.7907100	0.7893300	0.7892200	0.7909700	0.7920400	0.7910200	0.7891100	0.7875700	0.7881600	0.7899700	0.7904200	0.7900800	0.7897500	0.7890500	0.7887000	0.7888100	0.7885800	0.7887500	0.7903000	0.7915800	0.7907800	0.7882500	0.7860900	0.7858300	0.7865100	0.7874000	0.7886800	0.7898800	0.7906300	0.7903500	0.7897600	0.7906300	0.7921000	0.7923000	0.7909500	0.7892700	0.7884700	0.7877200	0.7863200	0.7859400	0.7881900	0.7919500	0.7933800	0.7912100	0.7899500	0.7915600	0.7920300	0.7901100	0.7887000	0.7893100	0.7909100	0.7908900	0.7888300	0.7877300	0.7896400	0.7928400	0.7941000	0.7927800	0.7918500	0.7934800	0.7948000	0.7932500	0.7915000	0.7903000	0.7883600	0.7871000	0.7869300	0.7869800	0.7878800	0.7898800	0.7922600	0.7937800	0.7939500	0.7939700	0.7937100	0.7914900	0.7885500	0.7884100	0.7910500	0.7927900	0.7926800	0.7928900	0.7937100	0.7934000	0.7915700	0.7912200	0.7940600	0.7960100	0.7938200	0.7909600	0.7909900	0.7926600	0.7931500	0.7920100	0.7909100	0.7900700	0.7892000	0.7899300	0.7925500	0.7949400	0.7966200	0.7983900	0.7991100	0.7970900	0.7940200	0.7922600	0.7915300	0.7921900	0.7937000	0.7929300	0.7906300	0.7904700	0.7922800	0.7942500	0.7945200	0.7919400	0.7891200	0.7889100	0.7915800	0.7949100	0.7954500	0.7935900	0.7923300	0.7926900	0.7951900	0.7988400	0.7994700	0.7965500	0.7947800	0.7963400	0.7984200	0.7979300	0.7955600	0.7947100	0.7968000	0.8004600	0.8025600	0.8004000	0.7964400	0.7952200	0.7966700	0.7974000	0.7962000	0.7956900	0.7969000	0.7971700	0.7961500	0.7962800	0.7974200	0.7970300	0.7958600	0.7978600	0.8029100	0.8062200	0.8056300	0.8032800	0.8009400	0.7988800	0.7969400	0.7947700	0.7934100	0.7944800	0.7969600	0.7980300	0.7976500	0.7987900	0.8013300	0.8031100	0.8042900	0.8035300	0.8001400	0.7981100	0.7985900	0.7993000	0.7998300	0.7992200	0.7963700	0.7935000	0.7934600	0.7957600	0.7977100	0.7976400	0.7967100	0.7973900	0.8004500	0.8041000	0.8055000	0.8039200	0.8015700	0.8001100	0.8005500	0.8026500	0.8024200	0.7982200	0.7940300	0.7927100	0.7938000	0.7956600	0.7968900	0.7975600	0.7991700	0.8012400	0.8011500	0.7991800	0.7985600	0.8009200	0.8046900	0.8064600	0.8040300	0.7996800	0.7979100	0.7997500	0.8014300	0.8000900	0.7976400	0.7960300	0.7950700	0.7947000	0.7948900	0.7951400	0.7949500	0.7942200	0.7937300	0.7941500	0.7949500	0.7954800	0.7960000	0.7958400	0.7956000	0.7974800	0.7990600	0.7974900	0.7951900	0.7938200	0.7931300	0.7932600	0.7941300	0.7960300	0.7993500	0.8027400	0.8025500	0.7983900	0.7952500	0.7962400	0.7987800	0.7994900	0.7989200	0.7983300	0.7977400	0.7988500	0.8013000	0.8015800	0.8004000	0.8000800	0.7991000	0.7979700	0.7996600	0.8037100	0.8061300	0.8051600	0.8042100	0.8042900	0.8028300	0.8006900	0.8009900	0.8043000	0.8062600	0.8029700	0.7988500	0.7985000	0.7998800	0.8007100	0.8017100	0.8038300	0.8073100	0.8098000	0.8081800	0.8050500	0.8043700	