function [ Trkoe3 ] = Trko3()
Tk3 = [0.871420000	0.882070000	0.903380000	0.923220000	0.929530000	0.928650000	0.928220000	0.926640000	0.922540000	0.905950000	0.881880000	0.875590000	0.888860000	0.891250000	0.877150000	0.879930000	0.898000000	0.898650000	0.891040000	0.888620000	0.886990000	0.892730000	0.903580000	0.908230000	0.905700000	0.899810000	0.895110000	0.892960000	0.897390000	0.912190000	0.927270000	0.929380000	0.918860000	0.907060000	0.902370000	0.909870000	0.930120000	0.944120000	0.940920000	0.933630000	0.917870000	0.894150000	0.891890000	0.906000000	0.890950000	0.855210000	0.852310000	0.889360000	0.926980000	0.945570000	0.958800000	0.955590000	0.923510000	0.897320000	0.901860000	0.921050000	0.926820000	0.902230000	0.867820000	0.859820000	0.887360000	0.915620000	0.910620000	0.902490000	0.923460000	0.933370000	0.903650000	0.886840000	0.903730000	0.925940000	0.945140000	0.958930000	0.956560000	0.937990000	0.909030000	0.886730000	0.882530000	0.889550000	0.894840000	0.887780000	0.883120000	0.896640000	0.910700000	0.920180000	0.935910000	0.942500000	0.927630000	0.904710000	0.883850000	0.868180000	0.856240000	0.845570000	0.859320000	0.916570000	0.981010000	0.999370000	0.982220000	0.951850000	0.904840000	0.864020000	0.846500000	0.844680000	0.856860000	0.868960000	0.865510000	0.876940000	0.927890000	0.976510000	0.991640000	1.017070000	1.039410000	1.001430000	0.938920000	0.898060000	0.880020000	0.895050000	0.942220000	0.970150000	0.948670000	0.934470000	0.964700000	0.997460000	1.019070000	1.048440000	1.066600000	1.063540000	1.029730000	0.954450000	0.910830000	0.957060000	1.005740000	0.966760000	0.917610000	0.931060000	0.973260000	1.023420000	1.087950000	1.108860000	1.047680000	0.965860000	0.935480000	0.966220000	0.999840000	0.991400000	0.986190000	1.033210000	1.101040000	1.114460000	1.062440000	1.003480000	0.979640000	0.989090000	1.011680000	1.027610000	1.019250000	0.992500000	0.968210000	0.958870000	0.967180000	0.979710000	0.981440000	0.977970000	0.968410000	0.952240000	0.949280000	0.961010000	0.979170000	1.000930000	1.008820000	0.993740000	0.975930000	0.971820000	0.970380000	0.968500000	0.972530000	0.973500000	0.974450000	0.983770000	0.983590000	0.961820000	0.937890000	0.933900000	0.946130000	0.953360000	0.956120000	0.968150000	0.967290000	0.946890000	0.942830000	0.958000000	0.962830000	0.949690000	0.939890000	0.946040000	0.953510000	0.953190000	0.955080000	0.960910000	0.958800000	0.951320000	0.954240000	0.970980000	0.988030000	0.992710000	0.979720000	0.955120000	0.939900000	0.942150000	0.950150000	0.961160000	0.970060000	0.967660000	0.959830000	0.951290000	0.943340000	0.943530000	0.956080000	0.966510000	0.959500000	0.951910000	0.957600000	0.959170000	0.948480000	0.939860000	0.939260000	0.936300000	0.930730000	0.932080000	0.935500000	0.934510000	0.931620000	0.931980000	0.939430000	0.943020000	0.936000000	0.932630000	0.938270000	0.944500000	0.944020000	0.936280000	0.935060000	0.942850000	0.944250000	0.940250000	0.940090000	0.942060000	0.945840000	0.950820000	0.949350000	0.942300000	0.939050000	0.938600000	0.938720000	0.943550000	0.947390000	0.942800000	0.936170000	0.932330000	0.929260000	0.931650000	0.939320000	0.940330000	0.933070000	0.927130000	0.930420000	0.939800000	0.939810000	0.929640000	0.925140000	0.928440000	0.931670000	0.933080000	0.932170000	0.928420000	0.924300000	0.921510000	0.919360000	0.917330000	0.916450000	0.919720000	0.925950000	0.928530000	0.925730000	0.922360000	0.923560000	0.929670000	0.934640000	0.936920000	0.938930000	0.936830000	0.930830000	0.929150000	0.931810000	0.932090000	0.930780000	0.932780000	0.936970000	0.938520000	0.937740000	0.935940000	0.932640000	0.929990000	0.927790000	0.925170000	0.924270000	0.927540000	0.936430000	0.944250000	0.942600000	0.934420000	0.925740000	0.920730000	0.922810000	0.927820000	0.929140000	0.929170000	0.931190000	0.931140000	0.927070000	0.921680000	0.917630000	0.918040000	0.922060000	0.923370000	0.920690000	0.920000000	0.926250000	0.935200000	0.937490000	0.933720000	0.932180000	0.934170000	0.932700000	0.928360000	0.929550000	0.932340000	0.928450000	0.921750000	0.918060000	0.916890000	0.916460000	0.918810000	0.923180000	0.924290000	0.923350000	0.924350000	0.925480000	0.925380000	0.926370000	0.930000000	0.933900000	0.934490000	0.933850000	0.934020000	0.931860000	0.927770000	0.924260000	0.922020000	0.922810000	0.925040000	0.925160000	0.925640000	0.928830000	0.930870000	0.928620000	0.923500000	0.919450000	0.919520000	0.921740000	0.923400000	0.925430000	0.927390000	0.927000000	0.924310000	0.920870000	0.919040000	0.919610000	0.919110000	0.916280000	0.915460000	0.919230000	0.923890000	0.925460000	0.924510000	0.920850000	0.915490000	0.913180000	0.914430000	0.916330000	0.917660000	0.918010000	0.917050000	0.915840000	0.916420000	0.919180000	0.922420000	0.923650000	0.922180000	0.919170000	0.916290000	0.915570000	0.917400000	0.921030000	0.924390000	0.926650000	0.929220000	0.928750000	0.922400000	0.916390000	0.916140000	0.919100000	0.921790000	0.923280000	0.922760000	0.920730000	0.919340000	0.919260000	0.918730000	0.918430000	0.920980000	0.923740000	0.922730000	0.919740000	0.917920000	0.918630000	0.920920000	0.921420000	0.920000000	0.918860000	0.918220000	0.919180000	0.921490000	0.922550000	0.921660000	0.919650000	0.919050000	0.920000000	0.919380000	0.917220000	0.914960000	0.913830000	0.915390000	0.917750000	0.918870000	0.920220000	0.921830000	0.922150000	0.920810000	0.918350000	0.917790000	0.920510000	0.922430000	0.920720000	0.919000000	0.920650000	0.922500000	0.920980000	0.917690000	0.915550000	0.916590000	0.920300000	0.922980000	0.923130000	0.922430000	0.921430000	0.919320000	0.916920000	0.916100000	0.916330000	0.916410000	0.916690000	0.916870000	0.916580000	0.915920000	0.915930000	0.917900000	0.920300000	0.920900000	0.919550000	0.917500000	0.916770000	0.917430000	0.916810000	0.914580000	0.914170000	0.916170000	0.917600000	0.918120000	0.919520000	0.921030000	0.920340000	0.917400000	0.914880000	0.914400000	0.916090000	0.918520000	0.918810000	0.917610000	0.916850000	0.916150000	0.916080000	0.916990000	0.917230000	0.915710000	0.914570000	0.916340000	0.919340000	0.921050000	0.920880000	0.919360000	0.918690000	0.919350000	0.918770000	0.917070000	0.916990000	0.918010000	0.918200000	0.917890000	0.918170000	0.919470000	0.920360000	0.919220000	0.917460000	0.917050000	0.917840000	0.917430000	0.915160000	0.914350000	0.916760000	0.919290000	0.918220000	0.914530000	0.912910000	0.914950000	0.917910000	0.919540000	0.919630000	0.918360000	0.915860000	0.913670000	0.912960000	0.912200000	0.911690000	0.914260000	0.918070000	0.918780000	0.917550000	0.916960000	0.916450000	0.915380000	0.913510000	0.911930000	0.913440000	0.916340000	0.916620000	0.915260000	0.915240000	0.918030000	0.921910000	0.922520000	0.920420000	0.919440000	0.918520000	0.916140000	0.914760000	0.915780000	0.917220000	0.916850000	0.914850000	0.913610000	0.915160000	0.918370000	0.919320000	0.916920000	0.915590000	0.917520000	0.918560000	0.916870000	0.916170000	0.917840000	0.919270000	0.919100000	0.918410000	0.917800000	0.917760000	0.918910000	0.920060000	0.919740000	0.918410000	0.916860000	0.915140000	0.913610000	0.913000000	0.914040000	0.916740000	0.918930000	0.918820000	0.917650000	0.916480000	0.914860000	0.913250000	0.913680000	0.916820000	0.919280000	0.918260000	0.916280000	0.915590000	0.915370000	0.914650000	0.913640000	0.913380000	0.913580000	0.913170000	0.912990000	0.913800000	0.915200000	0.918400000	0.923010000	0.925070000	0.922900000	0.919430000	0.918040000	0.918990000	0.919930000	0.919460000	0.918390000	0.917930000	0.917900000	0.917540000	0.917390000	0.917440000	0.916570000	0.915490000	0.915220000	0.915530000	0.915870000	0.916410000	0.917850000	0.918160000	0.915580000	0.913760000	0.915070000	0.916430000	0.916380000	0.916530000	0.917630000	0.919000000	0.919480000	0.919360000	0.919870000	0.920630000	0.921340000	0.922420000	0.921670000	0.918460000	0.916360000	0.916580000	0.916590000	0.915270000	0.914820000	0.916260000	0.917630000	0.918850000	