function [ Trkoe ] = TrkoVer5683()
Tk = [
0.87550
0.87788
0.88019
0.87924
0.87681
0.87657
0.87885
0.88080
0.88145
0.88216
0.88300
0.88256
0.88012
0.87737
0.87661
0.87762
0.87893
0.87903
0.87665
0.87340
0.87290
0.87533
0.87674
0.87543
0.87515
0.87894
0.88250
0.88111
0.87913
0.88011
0.88052
0.87924
0.87839
0.87805
0.87836
0.87958
0.88012
0.87925
0.87806
0.87662
0.87480
0.87462
0.87754
0.88092
0.88135
0.88052
0.88049
0.87920
0.87664
0.87513
0.87467
0.87400
0.87345
0.87506
0.87817
0.87968
0.87827
0.87522
0.87353
0.87439
0.87658
0.87914
0.88042
0.87877
0.87640
0.87708
0.88008
0.88106
0.87816
0.87487
0.87455
0.87592
0.87634
0.87619
0.87789
0.88000
0.87904
0.87622
0.87489
0.87612
0.87872
0.88039
0.87990
0.87906
0.88002
0.88159
0.88139
0.87852
0.87529
0.87391
0.87376
0.87480
0.87620
0.87660
0.87701
0.87773
0.87861
0.88001
0.88071
0.88047
0.88089
0.88131
0.88005
0.87827
0.87827
0.87959
0.87952
0.87787
0.87747
0.87880
0.87934
0.87939
0.88106
0.88379
0.88540
0.88445
0.88210
0.88199
0.88402
0.88403
0.88168
0.88002
0.87968
0.87978
0.87994
0.88052
0.88247
0.88568
0.88661
0.88314
0.87958
0.87814
0.87700
0.87706
0.87897
0.88094
0.88148
0.88066
0.88003
0.87944
0.87712
0.87401
0.87254
0.87369
0.87671
0.87908
0.87793
0.87413
0.87270
0.87626
0.88023
0.88114
0.88122
0.88266
0.88540
0.88797
0.88800
0.88517
0.88171
0.87955
0.88027
0.88306
0.88355
0.88109
0.87974
0.88136
0.88369
0.88452
0.88394
0.88252
0.88132
0.88152
0.88052
0.87739
0.87600
0.87618
0.87621
0.87878
0.88304
0.88391
0.88145
0.87933
0.87891
0.87823
0.87671
0.87637
0.87754
0.87821
0.87825
0.87861
0.87833
0.87739
0.87752
0.87836
0.87863
0.87938
0.88019
0.87906
0.87843
0.88129
0.88426
0.88396
0.88232
0.88288
0.88489
0.88509
0.88410
0.88361
0.88417
0.88637
0.88776
0.88672
0.88578
0.88440
0.88189
0.88160
0.88295
0.88343
0.88361
0.88321
0.88182
0.88021
0.87917
0.87984
0.88129
0.88178
0.88129
0.87964
0.87713
0.87549
0.87597
0.87813
0.88055
0.88268
0.88441
0.88436
0.88199
0.87969
0.87939
0.88036
0.88197
0.88373
0.88388
0.88209
0.88065
0.88217
0.88626
0.88903
0.88873
0.88804
0.88888
0.88952
0.88853
0.88665
0.88482
0.88400
0.88370
0.88296
0.88311
0.88399
0.88336
0.88241
0.88270
0.88146
0.87869
0.88015
0.88512
0.88682
0.88605
0.88620
0.88675
0.88647
0.88541
0.88445
0.88299
0.88085
0.88167
0.88572
0.88834
0.88819
0.88593
0.88431
0.88696
0.89009
0.88804
0.88504
0.88561
0.88672
0.88683
0.88845
0.89102
0.89083
0.88777
0.88599
0.88686
0.88721
0.88619
0.88506
0.88322
0.88159
0.88225
0.88412
0.88562
0.88563
0.88362
0.88257
0.88404
0.88503
0.88485
0.88521
0.88563
0.88496
0.88364
0.88307
0.88472
0.88816
0.89052
0.89028
0.88940
0.88935
0.88890
0.88793
0.88820
0.88955
0.88992
0.88854
0.88655
0.88452
0.88255
0.88318
0.88701
0.88974
0.89004
0.89025
0.89116
0.89182
0.89137
0.89069
0.89043
0.88930
0.88755
0.88599
0.88532
0.88659
0.88895
0.89181
0.89396
0.89229
0.88715
0.88298
0.88375
0.88759
0.89040
0.89148
0.89055
0.88808
0.88641
0.88586
0.88505
0.88511
0.88796
0.89139
0.89244
0.89141
0.88864
0.88487
0.88390
0.88688
0.88959
0.89002
0.88965
0.88945
0.89003
0.89217
0.89477
0.89582
0.89528
0.89453
0.89402
0.89291
0.89186
0.89216
0.89240
0.89207
0.89222
0.89176
0.89095
0.89157
0.89243
0.89224
0.89154
0.89061
0.88940
0.88748
0.88523
0.88498
0.88684
0.88774
0.88701
0.88661
0.88804
0.89074
0.89203
0.89119
0.89083
0.89173
0.89177
0.89016
0.88899
0.88971
0.89048
0.88980
0.88925
0.89011
0.89128
0.89158
0.89072
0.88958
0.88990
0.89090
0.89093
0.89158
0.89346
0.89411
0.89306
0.89209
0.89163
0.89146
0.89175
0.89231
0.89239
0.89197
0.89208
0.89239
0.89175
0.89105
0.89172
0.89295
0.89322
0.89249
0.89190
0.89224
0.89249
0.89186
0.89184
0.89221
0.89154
0.89085
0.89083
0.89079
0.89134
0.89209
0.89152
0.89102
0.89177
0.89267
0.89377
0.89522
0.89569
0.89549
0.89572
0.89569
0.89569
0.89632
0.89627
0.89559
0.89461
0.89299
0.89289
0.89496
0.89604
0.89559
0.89652
0.89911
0.89974
0.89716
0.89505
0.89566
0.89676
0.89652
0.89570
0.89501
0.89504
0.89613
0.89743
0.89742
0.89540
0.89322
0.89330
0.89466
0.89497
0.89395
0.89304
0.89323
0.89406
0.89489
0.89539
0.89515
0.89438
0.89381
0.89400
0.89527
0.89711
0.89727
0.89511
0.89352
0.89371
0.89494
0.89746
0.89967
0.89940
0.89778
0.89693
0.89707
0.89698
0.89626
0.89617
0.89699
0.89756
0.89782
0.89810
0.89794
0.89760
0.89745
0.89725
0.89756
0.89838
0.89884
0.89881
0.89822
0.89773
0.89778
0.89714
0.89599
0.89562
0.89631
0.89792
0.89914
0.89913
0.89835
0.89702
0.89643
0.89723
0.89772
0.89718
0.89623
0.89560
0.89660
0.89922
0.90114
0.90077
0.89875
0.89677
0.89571
0.89506
0.89490
0.89577
0.89708
0.89846
0.90020
0.90116
0.89981
0.89753
0.89683
0.89741
0.89729
0.89640
0.89677
0.89853
0.89912
0.89814
0.89764
0.89778
0.89705
0.89625
0.89734
0.89921
0.89979
0.89930
0.89913
0.90057
0.90250
0.90263
0.90177
0.90141
0.90123
0.90078
0.90100
0.90280
0.90412
0.90307
0.90172
0.90203
0.90247
0.90158
0.90084
0.90155
0.90267
0.90276
0.90144
0.89972
0.89882
0.89910
0.90017
0.90063
0.90006
0.90010
0.90126
0.90258
0.90359
0.90356
0.90207
0.90041
0.90028
0.90192
0.90313
0.90223
0.90095
0.90151
0.90309
0.90341
0.90235
0.90122
0.90079
0.90118
0.90140
0.90133
0.90152
0.90141
0.90100
0.90123
0.90215
0.90293
0.90327
0.90372
0.90423
0.90371
0.90213
0.90200
0.90383
0.90440
0.90341
0.90302
0.90265
0.90179
0.90131
0.90145
0.90213
0.90219
0.90133
0.90131
0.90191
0.90191
0.90170
0.90149
0.90155
0.90257
0.90395
0.90423
0.90344
0.90300
0.90295
0.90285
0.90347
0.90488
0.90603
0.90598
0.90435
0.90241
0.90238
0.90384
0.90405
0.90309
0.90313
0.90423
0.90535
0.90544
0.90401
0.90266
0.90282
0.90323
0.90288
0.90356
0.90605
0.90793
0.90780
0.90668
0.90603
0.90666
0.90737
0.90672
0.90554
0.90488
0.90451
0.90401
0.90329
0.90301
0.90380
0.90452
0.90502
0.90660
0.90767
0.90609
0.90357
0.90260
0.90344
0.90491
0.90607
0.90708
0.90774
0.90738
0.90597
0.90431
0.90399
0.90522
0.90577
0.90465
0.90380
0.90436
0.90510
0.90541
0.90540
0.90467
0.90360
0.90321
0.90415
0.90594
0.90674
0.90581
0.90445
0.90356
0.90335
0.90455
0.90633
0.90683
0.90633
0.90543
0.90421
0.90415
0.90600
0.90758
0.90656
0.90458
0.90448
0.90577
0.90718
0.90806
0.90730
0.90570
0.90565
0.90722
0.90828
0.90719
0.90493
0.90445
0.90572
0.90631
0.90591
0.90544
0.90523
0.90527
0.90557
0.90561
0.90494
0.90437
0.90471
0.90594
0.90687
0.90597
0.90423
0.90402
0.90585
0.90791
0.90867
0.90907
0.90965
0.90888
0.90751
0.90745
0.90753
0.90709
0.90772
0.90861
0.90774
0.90668
0.90737
0.90810
0.90820
0.90901
0.91002
0.90978
0.90822
0.90695
0.90725
0.90793
0.90778
0.90784
0.90855
0.90868
0.90824
0.90778
0.90699
0.90627
0.90659
0.90768
0.90905
0.91070
0.91115
0.90944
0.90780
0.90767
0.90788
0.90796
0.90824
0.90820
0.90738
0.90680
0.90767
0.90891
0.90858
0.90721
0.90637
0.90660
0.90771
0.90871
0.90902
0.90830
0.90690
0.90659
0.90698
0.90672
0.90634
0.90605
0.90595
0.90640
0.90653
0.90663
0.90810
0.90962
0.90996
0.91012
0.90966
0.90830
0.90759
0.90789
0.90842
0.90885
0.90884
0.90844
0.90867
0.90997
0.91111
0.91088
0.90959
0.90856
0.90805
0.90746
0.90745
0.90854
0.90970
0.91060
0.91118
0.91108
0.91083
0.91077
0.91012
0.90909
0.90911
0.91024
0.91119
0.91128
0.91066
0.90999
0.90985
0.91033
0.91094
0.91105
0.91090
0.91139
0.91182
0.91085
0.90992
0.91099
0.91239
