function [ Trkoe ] = TrkoVer5681()
Tk = [
0.98333
0.98502
0.98746
0.98638
0.98297
0.98199
0.98378
0.98417
0.98198
0.98053
0.98297
0.98738
0.98853
0.98656
0.98532
0.98562
0.98674
0.98768
0.98695
0.98560
0.98580
0.98546
0.98276
0.98074
0.98115
0.98301
0.98525
0.98494
0.98127
0.97948
0.98228
0.98623
0.98833
0.98743
0.98466
0.98242
0.98162
0.98229
0.98384
0.98539
0.98604
0.98712
0.99013
0.99081
0.98679
0.98414
0.98531
0.98528
0.98285
0.98104
0.98046
0.98080
0.98226
0.98413
0.98469
0.98318
0.98062
0.97871
0.97958
0.98352
0.98821
0.99007
0.98777
0.98548
0.98511
0.98461
0.98592
0.98855
0.98756
0.98456
0.98307
0.98191
0.98112
0.98285
0.98654
0.98762
0.98480
0.98308
0.98373
0.98390
0.98440
0.98605
0.98594
0.98443
0.98606
0.98964
0.99014
0.98736
0.98407
0.98169
0.98134
0.98325
0.98379
0.98116
0.97967
0.98194
0.98501
0.98568
0.98487
0.98526
0.98671
0.98690
0.98545
0.98458
0.98583
0.98706
0.98548
0.98275
0.98174
0.98228
0.98310
0.98300
0.98254
0.98369
0.98527
0.98558
0.98592
0.98667
0.98623
0.98370
0.98071
0.98066
0.98345
0.98569
0.98653
0.98581
0.98315
0.98096
0.98178
0.98447
0.98633
0.98547
0.98254
0.98185
0.98596
0.99061
0.99108
0.98879
0.98732
0.98734
0.98652
0.98374
0.98019
0.97742
0.97753
0.98127
0.98487
0.98514
0.98361
0.98196
0.98111
0.98134
0.98109
0.98083
0.98263
0.98614
0.98936
0.99064
0.98955
0.98801
0.98790
0.98735
0.98537
0.98448
0.98419
0.98304
0.98263
0.98366
0.98586
0.98775
0.98785
0.98778
0.98723
0.98554
0.98566
0.98711
0.98705
0.98669
0.98731
0.98671
0.98472
0.98383
0.98435
0.98459
0.98344
0.98200
0.98164
0.98170
0.98307
0.98591
0.98695
0.98526
0.98273
0.98040
0.97955
0.98087
0.98206
0.98239
0.98456
0.98830
0.98919
0.98558
0.98109
0.98029
0.98198
0.98132
0.97918
0.97989
0.98287
0.98604
0.98826
0.98772
0.98558
0.98454
0.98435
0.98495
0.98613
0.98666
0.98636
0.98474
0.98226
0.98071
0.98108
0.98401
0.98713
0.98772
0.98702
0.98558
0.98266
0.98033
0.98067
0.98185
0.98308
0.98544
0.98722
0.98708
0.98590
0.98450
0.98296
0.98156
0.98261
0.98618
0.98872
0.98851
0.98718
0.98759
0.98913
0.98866
0.98665
0.98523
0.98499
0.98578
0.98632
0.98539
0.98381
0.98360
0.98464
0.98563
0.98706
0.98747
0.98500
0.98286
0.98385
0.98565
0.98561
0.98496
0.98470
0.98317
0.98124
0.98146
0.98324
0.98336
0.98128
0.98092
0.98314
0.98501
0.98685
0.98888
0.98902
0.98807
0.98748
0.98745
0.98784
0.98716
0.98541
0.98570
0.98845
0.99014
0.98943
0.98766
0.98606
0.98592
0.98695
0.98733
0.98667
0.98650
0.98759
0.98790
0.98533
0.98241
0.98262
0.98468
0.98632
0.98599
0.98381
0.98414
0.98651
0.98614
0.98459
0.98458
0.98519
0.98557
0.98495
0.98392
0.98590
0.99051
0.99233
0.99010
0.98698
0.98496
0.98497
0.98663
0.98815
0.98828
0.98753
0.98667
0.98583
0.98575
0.98638
0.98682
0.98670
0.98550
0.98467
0.98625
0.98926
0.99117
0.99008
0.98739
0.98626
0.98644
0.98627
0.98544
0.98447
0.98450
0.98590
0.98857
0.99144
0.99200
0.99003
0.98763
0.98637
0.98666
0.98769
0.98822
0.98816
0.98820
0.98867
0.98920
0.98907
0.98860
0.98921
0.99039
0.99019
0.98919
0.98871
0.98819
0.98789
0.98890
0.98959
0.98795
0.98604
0.98638
0.98728
0.98700
0.98696
0.98744
0.98716
0.98633
0.98617
0.98672
0.98733
0.98802
0.98847
0.98823
0.98819
0.98850
0.98917
0.99045
0.99083
0.98942
0.98704
0.98480
0.98423
0.98571
0.98707
0.98643
0.98522
0.98483
0.98481
0.98560
0.98725
0.98860
0.98901
0.98884
0.98862
0.98828
0.98780
0.98654
0.98483
0.98433
0.98412
0.98382
0.98520
0.98780
0.98959
0.98939
0.98776
0.98709
0.98716
0.98590
0.98539
0.98734
0.98834
0.98591
0.98308
0.98346
0.98598
0.98870
0.99093
0.99165
0.99109
0.99021
0.98927
0.98808
0.98634
0.98484
0.98487
0.98624
0.98734
0.98742
0.98768
0.98880
0.98907
0.98751
0.98633
0.98655
0.98690
0.98761
0.98851
0.98806
0.98724
0.98785
0.98901
0.98883
0.98738
0.98726
0.98987
0.99257
0.99244
0.99111
0.99080
0.99047
0.99018
0.99068
0.99002
0.98794
0.98690
0.98699
0.98739
0.98838
0.98891
0.98863
0.98918
0.99027
0.99006
0.98849
0.98703
0.98764
0.99018
0.99162
0.99044
0.98860
0.98826
0.98929
0.99019
0.99024
0.98924
0.98801
0.98846
0.99033
0.99085
0.98859
0.98541
0.98387
0.98443
0.98632
0.98826
0.98907
0.98912
0.98895
0.98835
0.98824
0.98913
0.98850
0.98548
0.98430
0.98647
0.98856
0.98913
0.98879
0.98747
0.98605
0.98567
0.98634
0.98787
0.98995
0.99165
0.99160
0.99020
0.98981
0.99070
0.99072
0.98971
0.98896
0.98861
0.98864
0.98883
0.98875
0.98871
0.98840
0.98816
0.98902
0.98936
0.98884
0.98905
0.98929
0.98958
0.99057
0.99095
0.98966
0.98799
0.98823
0.98966
0.99052
0.99123
0.99122
0.98998
0.98904
0.98876
0.98851
0.98816
0.98771
0.98745
0.98760
0.98757
0.98702
0.98626
0.98606
0.98759
0.99017
0.99121
0.99010
0.98831
0.98684
0.98590
0.98536
0.98573
0.98701
0.98794
0.98815
0.98825
0.98836
0.98804
0.98673
0.98553
0.98674
0.98951
0.99096
0.99054
0.98962
0.99000
0.99137
0.99161
0.99129
0.99199
0.99284
0.99252
0.99146
0.99097
0.99116
0.99144
0.99108
0.99006
0.98956
0.98969
0.98968
0.98941
0.98936
0.99018
0.99106
0.99130
0.99133
0.99096
0.99047
0.99027
0.98985
0.98937
0.98945
0.99066
0.99232
0.99240
0.99041
0.98828
0.98767
0.98827
0.98936
0.98997
0.98971
0.99058
0.99271
0.99386
0.99353
0.99226
0.99085
0.98999
0.98941
0.98954
0.99000
0.98923
0.98826
0.98843
0.98917
0.99042
0.99157
0.99193
0.99199
0.99172
0.99133
0.99150
0.99100
0.98927
0.98847
0.98919
0.99021
0.99099
0.99069
0.98959
0.98931
0.98962
0.99015
0.99067
0.98967
0.98844
0.98950
0.99104
0.99085
0.99082
0.99230
0.99299
0.99144
0.98984
0.99021
0.99197
0.99350
0.99397
0.99395
0.99346
0.99191
0.99013
0.98962
0.99048
0.99103
0.99064
0.99043
0.99068
0.99098
0.99128
0.99154
0.99167
0.99172
0.99132
0.99012
0.98965
0.99103
0.99211
0.99184
0.99195
0.99288
0.99380
0.99394
0.99272
0.99139
0.99125
0.99176
0.99211
0.99155
0.99027
0.98946
0.98878
0.98837
0.98987
0.99128
0.98990
0.98803
0.98795
0.98902
0.99035
0.99135
0.99213
0.99247
0.99175
0.99064
0.98977
0.98927
0.98965
0.99032
0.99085
0.99183
0.99247
0.99170
0.99028
0.98953
0.98954
0.98922
0.98878
0.98968
0.99164
0.99258
0.99167
0.99037
0.98976
0.98940
0.98972
0.99103
0.99183
0.99138
0.99021
0.98960
0.99056
0.99199
0.99248
0.99137
0.98982
0.99009
0.99156
0.99254
0.99245
0.99080
0.98923
0.99057
0.99330
0.99342
0.99099
0.98916
0.98954
0.99061
0.99055
0.98985
0.98956
0.99025
0.99132
0.99153
0.99073
0.98959
0.98927
0.98991
0.99036
0.99012
0.98951
0.98924
0.99014
0.99221
0.99394
0.99403
0.99353
0.99349
0.99319
0.99306
0.99374
0.99364
0.99236
0.99147
0.99099
0.98978
0.98870
0.98915
0.99054
0.99195
0.99301
0.99299
0.99182
0.99059
0.99042
0.99144
0.99212
0.99115
0.99014
0.99036
0.99100
0.99188
0.99272
0.99223
0.99065
0.98969
0.98961
0.99013
0.99198
0.99362
0.99275
0.99125
0.99170
0.99271
0.99222
0.99105
0.98995
0.98890
0.98907
0.99096
0.99298
0.99350
0.99262
0.99124
0.99010
0.98981
0.99038
0.99080
0.98963
0.98760
0.98736
0.98879
0.98983
0.99022
0.99044
0.99048
0.99071
0.99113
0.99143
0.99190
0.99267
0.99353
0.99383
0.99277
0.99092
0.98967
0.98935
0.98985
0.99110
0.99202
0.99200
0.99235
0.99381
0.99488
0.99436
0.99323
0.99214
0.99078
0.99024
0.99118
0.99233
0.99300
0.99357
0.99376
0.99332
0.99274
0.99227
0.99205
0.99255
0.99362
0.99420
0.99409
0.99389
0.99305
0.99136
0.99019
0.99048
0.99179
0.99288
0.99327
0.99368
0.99385
0.99306
0.99253
0.99330
0.99397
