function [ Trkoekaol1 ] = Trkokaol1()
Tk = [0.7326400	0.7420200	0.7466100	0.7405300	0.7279200	0.7138300	0.7045100	0.7092800	0.7335700	0.7547500	0.7601400	0.7618100	0.7476500	0.7178300	0.7039900	0.7127000	0.7201800	0.7138000	0.7089700	0.7147900	0.7225600	0.7266200	0.7293500	0.7365000	0.7492500	0.7527000	0.7369500	0.7239600	0.7305900	0.7467700	0.7615000	0.7587400	0.7377000	0.7287400	0.7462000	0.7650500	0.7537700	0.7284300	0.7325200	0.7542000	0.7453900	0.7122900	0.6953400	0.6960200	0.7001200	0.7098900	0.7212300	0.7285800	0.7397700	0.7536800	0.7613500	0.7597500	0.7499400	0.7373100	0.7277800	0.7299800	0.7396800	0.7333400	0.7114600	0.6967600	0.6994400	0.7160400	0.7323700	0.7410300	0.7575100	0.7731400	0.7446800	0.6952500	0.6797100	0.6982800	0.7189000	0.7303600	0.7375400	0.7302700	0.7153700	0.7146800	0.7135300	0.7065900	0.7134100	0.7308900	0.7293200	0.6968600	0.6782700	0.7026400	0.7407100	0.7560000	0.7339200	0.7046100	0.7032200	0.7101200	0.7032900	0.6998800	0.7082800	0.7290600	0.7620600	0.7702900	0.7410200	0.7108500	0.7005800	0.7150400	0.7325000	0.7257800	0.7047500	0.6927100	0.7010400	0.7126700	0.6999300	0.6727600	0.6701600	0.6857800	0.6720800	0.6367200	0.6354000	0.6617500	0.6732000	0.6687900	0.6553100	0.6315600	0.6167700	0.6331400	0.6830900	0.7083400	0.6624500	0.6208100	0.6412900	0.6869500	0.7072000	0.6905200	0.6819100	0.7010000	0.7158100	0.7375600	0.7789900	0.8077300	0.8140900	0.8139600	0.8118400	0.7966800	0.7659300	0.7287500	0.7104500	0.7304000	0.7570200	0.7513500	0.7482200	0.7897400	0.8421700	0.8522200	0.8199800	0.7677300	0.7309300	0.7392400	0.7780700	0.7997100	0.7814000	0.7558600	0.7451400	0.7456200	0.7540700	0.7465000	0.7253600	0.7300200	0.7488400	0.7485100	0.7370200	0.7379100	0.7584100	0.7831400	0.7943700	0.7919300	0.7843800	0.7740800	0.7650500	0.7704600	0.7854100	0.7907400	0.7886700	0.7895500	0.7865200	0.7785800	0.7769100	0.7788800	0.7738200	0.7644500	0.7665400	0.7790500	0.7809100	0.7737700	0.7782800	0.7896300	0.7845200	0.7636200	0.7490400	0.7496300	0.7589900	0.7699600	0.7787600	0.7780500	0.7670400	0.7636300	0.7745700	0.7888000	0.7944200	0.7867500	0.7745400	0.7661000	0.7667500	0.7766800	0.7820400	0.7828700	0.7873000	0.7876000	0.7816900	0.7738200	0.7672200	0.7668900	0.7670600	0.7626900	0.7611400	0.7683600	0.7771200	0.7747000	0.7658700	0.7656800	0.7762900	0.7839000	0.7769300	0.7649800	0.7623500	0.7670100	0.7709500	0.7782400	0.7896900	0.7922400	0.7853600	0.7820100	0.7847800	0.7853700	0.7766700	0.7662600	0.7668500	0.7737900	0.7755500	0.7744100	0.7765300	0.7801500	0.7834500	0.7856900	0.7842600	0.7803100	0.7793900	0.7814000	0.7817700	0.7805100	0.7779900	0.7722000	0.7648900	0.7603400	0.7587900	0.7582400	0.7621800	0.7692800	0.7703000	0.7667400	0.7655400	0.7665900	0.7691500	0.7711600	0.7691100	0.7660600	0.7678900	0.7734500	0.7769000	0.7759500	0.7727000	0.7716400	0.7740800	0.7758600	0.7748100	0.7742300	0.7769600	0.7803300	0.7804700	0.7794900	0.7813400	0.7835300	0.7809900	0.7768200	0.7751100	0.7720900	0.7694200	0.7730200	0.7783300	0.7794600	0.7801000	0.7854700	0.7901800	0.7863900	0.7809600	0.7813800	0.7848300	0.7870300	0.7850700	0.7805300	0.7770900	0.7767500	0.7814500	0.7867900	0.7861100	0.7815400	0.7774600	0.7755100	0.7771300	0.7794700	0.7806300	0.7830500	0.7834300	0.7781000	0.7742100	0.7781900	0.7844200	0.7848800	0.7795100	0.7739700	0.7734300	0.7783300	0.7847700	0.7874400	0.7841800	0.7790900	0.7780500	0.7800900	0.7780800	0.7741100	0.7764700	0.7812100	0.7811100	0.7782700	0.7761500	0.7754800	0.7753900	0.7777200	0.7846700	0.7895100	0.7865700	0.7814900	0.7786200	0.7775500	0.7789800	0.7808800	0.7810200	0.7808900	0.7809700	0.7795400	0.7765600	0.7758800	0.7790100	0.7817300	0.7825400	0.7819300	0.7801300	0.7812900	0.7844800	0.7837700	0.7810100	0.7800200	0.7796100	0.7802900	0.7834400	0.7867000	0.7874000	0.7860800	0.7842000	0.7814300	0.7776800	0.7758200	0.7763300	0.7756500	0.7736100	0.7716300	0.7702800	0.7723100	0.7777400	0.7808800	0.7787200	0.7761500	0.7770700	0.7799200	0.7825200	0.7830500	0.7810500	0.7788100	0.7785500	0.7790000	0.7792700	0.7816200	0.7841800	0.7831800	0.7806600	0.7787100	0.7769500	0.7767100	0.7791200	0.7816800	0.7824600	0.7830000	0.7829500	0.7801800	0.7765300	0.7753000	0.7761700	0.7781700	0.7806600	0.7810200	0.7795200	0.7794600	0.7803100	0.7792900	0.7771700	0.7765500	0.7767400	0.7765100	0.7763700	0.7747200	0.7718000	0.7713700	0.7730000	0.7750300	0.7788600	0.7837400	0.7858700	0.7828200	0.7771000	0.7751600	0.7788900	0.7829400	0.7834800	0.7822500	0.7802100	0.7762200	0.7728100	0.7727000	0.7744500	0.7776000	0.7813600	0.7825600	0.7822100	0.7828300	0.7829400	0.7821100	0.7828500	0.7848200	0.7852700	0.7846300	0.7839400	0.7835200	0.7842300	0.7835400	0.7790300	0.7752900	0.7776800	0.7828600	0.7848800	0.7836100	0.7808100	0.7782400	0.7777500	0.7787400	0.7805600	0.7835300	0.7856300	0.7837800	0.7788400	0.7752500	0.7764200	0.7802800	0.7817200	0.7808800	0.7814900	0.7834000	0.7841700	0.7831500	0.7810500	0.7794000	0.7796900	0.7810500	0.7814000	0.7807400	0.7798400	0.7787100	0.7783400	0.7785900	0.7779200	0.7777000	0.7800000	0.7827000	0.7821500	0.7800200	0.7808400	0.7834700	0.7837900	0.7825000	0.7818700	0.7810300	0.7796500	0.7794400	0.7813100	0.7842200	0.7861800	0.7859800	0.7832200	0.7794700	0.7779400	0.7793400	0.7820400	0.7837200	0.7828900	0.7807800	0.7798600	0.7808100	0.7820200	0.7818400	0.7804500	0.7799500	0.7817400	0.7832600	0.7829500	0.7828000	0.7828000	0.7823200	0.7820400	0.7813500	0.7803000	0.7799800	0.7802800	0.7807500	0.7812600	0.7809800	0.7796300	0.7794500	0.7812600	0.7827200	0.7829000	0.7828100	0.7826300	0.7818100	0.7812700	0.7822500	0.7838000	0.7841000	0.7824000	0.7810200	0.7824900	0.7847300	0.7849500	0.7840600	0.7836800	0.7842000	0.7846700	0.7839400	0.7831400	0.7835000	0.7838500	0.7837000	0.7834200	0.7833100	0.7835800	0.7837000	0.7835100	0.7834600	0.7840600	0.7854000	0.7863500	0.7858100	0.7848200	0.7852100	0.7860800	0.7854500	0.7847100	0.7850800	0.7848100	0.7836500	0.7830100	0.7831400	0.7838200	0.7842900	0.7842900	0.7844600	0.7844900	0.7847700	0.7854600	0.7847800	0.7829400	0.7827900	0.7852200	0.7876400	0.7880800	0.7876200	0.7867400	0.7848500	0.7825900	0.7817400	0.7839500	0.7868500	0.7863000	0.7840400	0.7838200	0.7853900	0.7863300	0.7855300	0.7838300	0.7818900	0.7808400	0.7823100	0.7854600	0.7885900	0.7913400	0.7936800	0.7949500	0.7929700	0.7881400	0.7847700	0.7845800	0.7859600	0.7866800	0.7859200	0.7854900	0.7864000	0.7872700	0.7864800	0.7835300	0.7810300	0.7820100	0.7850200	0.7875500	0.7889500	0.7885200	0.7875100	0.7872600	0.7870300	0.7873200	0.7877800	0.7867700	0.7859300	0.7869100	0.7887800	0.7905200	0.7910600	0.7897600	0.7883100	0.7886800	0.7908400	0.7926000	0.7916600	0.7888900	0.7869500	0.7871000	0.7884200	0.7892500	0.7898600	0.7903100	0.7894500	0.7886000	0.7900100	0.7926600	0.7933700	0.7924700	0.7941800	0.7983000	0.7994700	0.7962300	0.7923500	0.7904700	0.7899600	0.7890600	0.7871700	0.7851600	0.7850400	0.7870300	0.7879800	0.7869900	0.7874200	0.7901500	0.7927400	0.7943900	0.7946200	0.7929400	0.7918900	0.7916900	0.7901300	0.7889100	0.7897700	0.7903100	0.7886900	0.7870600	0.7880700	0.7907400	0.7911600	0.7884200	0.7860000	0.7865800	0.7901200	0.7939500	0.7948400	0.7934800	0.7918300	0.7909000	0.7918600	0.7925000	0.7894400	0.7848000	0.7826600	0.7837100	0.7860400	0.7881800	0.7899400	0.7916100	0.7923100	0.7904700	0.7879600	0.7882700	0.7914200	0.7950100	0.7966000	0.7946000	0.7907200	0.7890800	0.7903500	0.7910300	0.7894800	0.7875800	0.7864700	0.7855900	0.7850700	0.7854500	0.7858400	0.7856600	0.7860900	0.7872400	0.7878300	0.7871300	0.7856800	0.7850300	0.7850600	0.7852200	0.7865800	0.7879200	0.7875400	0.7862000	0.7843500	0.7830300	0.7833600	0.7845300	0.7859600	0.7883500	0.7912600	0.7910600	0.7872000	0.7849100	0.7869500	0.7901100	0.7909100	0.7895500	0.7873900	0.7861800	0.7875700	0.7900000	0.7905100	0.7899300	0.7902300	0.7900700	0.7891400	0.7898300	0.7924600	0.7942300	0.7935100	0.7927000	0.7932800	0.7931100	0.7917100	0.7914800	0.7941800	0.7966800	0.7943100	0.7902100	0.7891700	0.7895800	0.7898100	0.7910100	0.7929300	0.7954400	0.7977000	0.7967500	0.7942600	0.7937400	