function [ Trkoe ] = TrkoVer5311()
Tk = [
0.95417
0.95411
0.95440
0.95438
0.95410
0.95334
0.95228
0.95187
0.95300
0.95514
0.95583
0.95535
0.95606
0.95648
0.95521
0.95385
0.95354
0.95433
0.95551
0.95592
0.95553
0.95550
0.95601
0.95580
0.95549
0.95741
0.96051
0.96140
0.96045
0.95873
0.95628
0.95641
0.95931
0.96072
0.95996
0.95888
0.95866
0.95879
0.95752
0.95548
0.95539
0.95703
0.95752
0.95623
0.95430
0.95298
0.95346
0.95388
0.95199
0.95113
0.95393
0.95576
0.95478
0.95425
0.95392
0.95312
0.95327
0.95457
0.95590
0.95553
0.95397
0.95365
0.95431
0.95386
0.95177
0.94962
0.94968
0.95279
0.95650
0.95775
0.95664
0.95419
0.95132
0.95061
0.95239
0.95307
0.95163
0.95115
0.95226
0.95216
0.95116
0.95208
0.95400
0.95441
0.95404
0.95385
0.95400
0.95520
0.95720
0.95788
0.95574
0.95336
0.95369
0.95534
0.95565
0.95514
0.95578
0.95618
0.95401
0.95091
0.94917
0.94912
0.95107
0.95370
0.95336
0.95031
0.94914
0.95015
0.95079
0.95109
0.95068
0.94831
0.94556
0.94516
0.94788
0.95183
0.95371
0.95359
0.95427
0.95547
0.95562
0.95543
0.95613
0.95693
0.95757
0.95891
0.95884
0.95577
0.95266
0.95243
0.95488
0.95704
0.95671
0.95581
0.95596
0.95577
0.95453
0.95335
0.95240
0.95096
0.94979
0.95016
0.95119
0.95270
0.95607
0.95813
0.95461
0.94859
0.94635
0.94945
0.95356
0.95452
0.95299
0.95160
0.95027
0.94856
0.94871
0.95053
0.95099
0.95029
0.95136
0.95492
0.95684
0.95553
0.95489
0.95519
0.95361
0.95127
0.95010
0.95064
0.95163
0.95097
0.94913
0.94870
0.95019
0.95144
0.95182
0.95210
0.95275
0.95451
0.95589
0.95459
0.95269
0.95281
0.95365
0.95375
0.95221
0.94914
0.94732
0.94798
0.94932
0.95037
0.95149
0.95228
0.95158
0.94947
0.94656
0.94419
0.94484
0.94824
0.95067
0.95115
0.95204
0.95438
0.95692
0.95797
0.95678
0.95466
0.95302
0.95171
0.95089
0.95189
0.95481
0.95621
0.95434
0.95170
0.95068
0.95132
0.95230
0.95268
0.95241
0.95191
0.95140
0.95113
0.95091
0.95054
0.95050
0.95017
0.94974
0.95144
0.95394
0.95309
0.94996
0.94918
0.95024
0.94989
0.94914
0.95033
0.95326
0.95591
0.95589
0.95286
0.94942
0.94791
0.94819
0.94963
0.95155
0.95305
0.95474
0.95657
0.95746
0.95677
0.95437
0.95198
0.95135
0.95149
0.95037
0.94824
0.94654
0.94581
0.94640
0.94842
0.95061
0.95131
0.95123
0.95222
0.95277
0.95186
0.95203
0.95297
0.95191
0.95049
0.95136
0.95201
0.94960
0.94580
0.94452
0.94689
0.95027
0.95331
0.95444
0.95259
0.95155
0.95317
0.95287
0.94990
0.94847
0.94875
0.94854
0.94893
0.95016
0.95041
0.95011
0.95026
0.95105
0.95264
0.95405
0.95374
0.95182
0.95062
0.95125
0.95175
0.95182
0.95284
0.95412
0.95401
0.95233
0.95111
0.95112
0.95115
0.95151
0.95151
0.95029
0.95024
0.95202
0.95266
0.95108
0.94978
0.95071
0.95257
0.95287
0.95156
0.95085
0.95141
0.95156
0.95083
0.95050
0.95062
0.95138
0.95269
0.95217
0.94995
0.94929
0.95089
0.95251
0.95274
0.95210
0.95142
0.95079
0.94987
0.94840
0.94662
0.94624
0.94880
0.95271
0.95481
0.95391
0.95147
0.94911
0.94791
0.94858
0.94945
0.94909
0.94867
0.94817
0.94724
0.94772
0.94965
0.95060
0.95039
0.95059
0.95150
0.95232
0.95255
0.95234
0.95178
0.95057
0.94942
0.94952
0.95007
0.94950
0.94815
0.94789
0.94954
0.95211
0.95485
0.95599
0.95441
0.95356
0.95512
0.95669
0.95698
0.95586
0.95394
0.95237
0.95094
0.94993
0.95122
0.95403
0.95502
0.95303
0.95035
0.94959
0.95005
0.95024
0.95030
0.95035
0.95048
0.95034
0.94988
0.94999
0.95057
0.95039
0.94922
0.94813
0.94776
0.94862
0.95057
0.95147
0.95077
0.95033
0.95025
0.94968
0.94930
0.94951
0.95044
0.95175
0.95194
0.95131
0.95126
0.95198
0.95290
0.95257
0.95119
0.95069
0.95178
0.95317
0.95284
0.95191
0.95249
0.95291
0.95228
0.95185
0.95111
0.94986
0.94933
0.95020
0.95179
0.95214
0.95132
0.95142
0.95192
0.95172
0.95125
0.95059
0.94968
0.94884
0.94893
0.95001
0.95144
0.95267
0.95279
0.95227
0.95255
0.95368
0.95412
0.95260
0.95055
0.94929
0.94900
0.95117
0.95444
0.95471
0.95315
0.95327
0.95388
0.95329
0.95274
0.95335
0.95439
0.95450
0.95363
0.95323
0.95389
0.95381
0.95195
0.95046
0.95083
0.95212
0.95355
0.95458
0.95448
0.95346
0.95212
0.95081
0.95022
0.95068
0.95144
0.95194
0.95195
0.95135
0.95135
0.95262
0.95398
0.95439
0.95406
0.95438
0.95514
0.95411
0.95232
0.95217
0.95279
0.95273
0.95195
0.95098
0.95073
0.95166
0.95258
0.95276
0.95277
0.95256
0.95224
0.95283
0.95459
0.95585
0.95565
0.95517
0.95491
0.95432
0.95307
0.95187
0.95224
0.95346
0.95321
0.95201
0.95251
0.95414
0.95395
0.95214
0.95125
0.95212
0.95315
0.95303
0.95291
0.95290
0.95181
0.95139
0.95328
0.95520
0.95546
0.95512
0.95446
0.95354
0.95275
0.95153
0.95031
0.95038
0.95137
0.95223
0.95316
0.95415
0.95440
0.95433
0.95457
0.95498
0.95513
0.95444
0.95353
0.95294
0.95160
0.95011
0.95067
0.95275
0.95469
0.95620
0.95641
0.95480
0.95260
0.95154
0.95208
0.95268
0.95233
0.95160
0.95145
0.95221
0.95327
0.95425
0.95472
0.95411
0.95319
0.95303
0.95321
0.95337
0.95412
0.95513
0.95528
0.95465
0.95426
0.95454
0.95461
0.95353
0.95186
0.95104
0.95180
0.95375
0.95489
0.95350
0.95098
0.94947
0.94971
0.95170
0.95390
0.95389
0.95217
0.95118
0.95126
0.95147
0.95167
0.95274
0.95491
0.95666
0.95695
0.95600
0.95437
0.95267
0.95193
0.95241
0.95260
0.95136
0.94995
0.95079
0.95321
0.95344
0.95081
0.94887
0.95008
0.95255
0.95370
0.95358
0.95308
0.95335
0.95405
0.95364
0.95317
0.95385
0.95439
0.95430
0.95446
0.95483
0.95438
0.95266
0.95128
0.95247
0.95494
0.95509
0.95325
0.95236
0.95282
0.95374
0.95432
0.95423
0.95447
0.95487
0.95461
0.95456
0.95447
0.95353
0.95313
0.95392
0.95451
0.95384
0.95272
0.95278
0.95363
0.95405
0.95333
0.95189
0.95193
0.95347
0.95375
0.95250
0.95173
0.95184
0.95203
0.95260
0.95383
0.95527
0.95651
0.95648
0.95503
0.95364
0.95280
0.95244
0.95285
0.95354
0.95368
0.95363
0.95385
0.95368
0.95272
0.95191
0.95220
0.95329
0.95365
0.95241
0.95157
0.95297
0.95477
0.95548
0.95560
0.95539
0.95497
0.95376
0.95193
0.95154
0.95304
0.95452
0.95477
0.95475
0.95553
0.95631
0.95600
0.95496
0.95405
0.95372
0.95379
0.95363
0.95335
0.95291
0.95182
0.95108
0.95169
0.95303
0.95408
0.95381
0.95217
0.95092
0.95104
0.95187
0.95316
0.95470
0.95608
0.95743
0.95825
0.95829
0.95790
0.95652
0.95415
0.95225
0.95153
0.95128
0.95146
0.95263
0.95439
0.95524
0.95389
0.95193
0.95148
0.95248
0.95402
0.95470
0.95457
0.95554
0.95764
0.95866
0.95775
0.95664
0.95607
0.95511
0.95342
0.95219
0.95287
0.95433
0.95428
0.95350
0.95365
0.95410
0.95432
0.95480
0.95457
0.95293
0.95169
0.95194
0.95266
0.95341
0.95438
0.95513
0.95511
0.95450
0.95418
0.95448
0.95527
0.95641
0.95728
0.95728
0.95619
0.95488
0.95475
0.95517
0.95486
0.95425
0.95398
0.95395
0.95405
0.95425
0.95443
0.95466
0.95493
0.95513
0.95514
0.95454
0.95380
0.95407
0.95506
0.95564
0.95618
0.95689
0.95684
0.95621
0.95569
0.95511
0.95430
0.95380
0.95431
0.95524
0.95501
0.95384
0.95394
0.95535
0.95559
0.95420
0.95323
0.95377
0.95485
0.95495
0.95360
0.95224
0.95244
0.95341
0.95427
0.95550
0.95608
0.95512
0.95428
0.95421
0.95380
0.95356
0.95453
0.95569
0.95584
0.95544
0.95529
0.95538
0.95555
0.95576
0.95527
0.95424
0.95413
0.95478
0.95513
0.95506
0.95435
0.95367
0.95412
0.95481
0.95469
0.95419
0.95390
0.95446
0.95617
0.95776
0.95786
0.95692
0.95591
0.95483
0.95409
0.95429
0.95467
0.95461
0.95497
0.95587
0.95597
0.95506
0.95495
0.95631
0.95764
0.95792
0.95761
0.95727
0.95684
0.95644
0.95580
0.95456
0.95409
