function [ TrkoeShamot1 ] = TrkoSham1()
Tk = [0.7176200	0.7023800	0.6849500	0.6845400	0.7019000	0.7145800	0.7074400	0.6925000	0.6720800	0.6451800	0.6414800	0.6722000	0.6967000	0.6969700	0.7038100	0.7205900	0.7164400	0.6950700	0.6899200	0.7028100	0.7089500	0.7026900	0.7006100	0.7068400	0.7096700	0.7048200	0.6989800	0.7039400	0.7187300	0.7273600	0.7187000	0.6968300	0.6834700	0.6825800	0.6773000	0.6729900	0.6785400	0.6876500	0.6953300	0.6918100	0.6785400	0.6791200	0.6965100	0.7046900	0.6909900	0.6692800	0.6501700	0.6393200	0.6519700	0.6834600	0.7005100	0.6994800	0.6961700	0.6881900	0.6786800	0.6786600	0.6836800	0.6768100	0.6621900	0.6619800	0.6729400	0.6816900	0.6842700	0.6714600	0.6533700	0.6412200	0.6315700	0.6318200	0.6406600	0.6453800	0.6393600	0.6284900	0.6300100	0.6465200	0.6570600	0.6417700	0.6201100	0.6271000	0.6565000	0.6798900	0.6893200	0.6851100	0.6712300	0.6594400	0.6465200	0.6288700	0.6207500	0.6179900	0.6024700	0.5881900	0.6074300	0.6544900	0.6747800	0.6574500	0.6418300	0.6310400	0.6155600	0.5991500	0.6065800	0.6686800	0.7381400	0.7168800	0.6463800	0.6116800	0.6113800	0.6283100	0.6379100	0.6253100	0.6166600	0.6272300	0.6510700	0.6755600	0.6870600	0.6910800	0.6947800	0.6838200	0.6561300	0.6419300	0.6509700	0.6680800	0.6844300	0.7018700	0.7192700	0.7296600	0.7415200	0.7567300	0.7464000	0.7052200	0.6721400	0.6762600	0.6896200	0.6839900	0.6804900	0.6890300	0.7047000	0.7325800	0.7710900	0.8028800	0.8024500	0.7916800	0.8258500	0.8659800	0.8461100	0.8156100	0.8144900	0.8101600	0.7883200	0.7642900	0.7621600	0.7865100	0.7987500	0.7755200	0.7571800	0.7678000	0.7942300	0.8277800	0.8345100	0.8114800	0.8083000	0.8070700	0.7675600	0.7315700	0.7462300	0.7839200	0.7971800	0.7875300	0.7799300	0.7806700	0.7757400	0.7623900	0.7653100	0.7963600	0.8276100	0.8253500	0.8012600	0.7843900	0.7752500	0.7646500	0.7531300	0.7465800	0.7480300	0.7591900	0.7834100	0.8096700	0.8052400	0.7684900	0.7453300	0.7546200	0.7697600	0.7718200	0.7751500	0.7892600	0.7959900	0.7860000	0.7761400	0.7746600	0.7710900	0.7617500	0.7608600	0.7742900	0.7802600	0.7729000	0.7755000	0.7861600	0.7838200	0.7695400	0.7596800	0.7595400	0.7611100	0.7597400	0.7575600	0.7572800	0.7615800	0.7658800	0.7647800	0.7664900	0.7707100	0.7682400	0.7677000	0.7729600	0.7714200	0.7678400	0.7707400	0.7723700	0.7743400	0.7807500	0.7780700	0.7664500	0.7627500	0.7703000	0.7782200	0.7764500	0.7692500	0.7670100	0.7719400	0.7769300	0.7695000	0.7536300	0.7489900	0.7579300	0.7678000	0.7722700	0.7715500	0.7680400	0.7649300	0.7633600	0.7638500	0.7662600	0.7650000	0.7560700	0.7479200	0.7493800	0.7582900	0.7657100	0.7648400	0.7606500	0.7589500	0.7587700	0.7609100	0.7644700	0.7667600	0.7676700	0.7655200	0.7592800	0.7528100	0.7517600	0.7542200	0.7535800	0.7505900	0.7482000	0.7461300	0.7463200	0.7497200	0.7533700	0.7554200	0.7540300	0.7524600	0.7572100	0.7639800	0.7669900	0.7684200	0.7696000	0.7664800	0.7576900	0.7514700	0.7520600	0.7553700	0.7602100	0.7641300	0.7627400	0.7592000	0.7584300	0.7586800	0.7583000	0.7582100	0.7575800	0.7566200	0.7548500	0.7533900	0.7565100	0.7603600	0.7576200	0.7527800	0.7537700	0.7570600	0.7546500	0.7474300	0.7431200	0.7437200	0.7471500	0.7530600	0.7583900	0.7591800	0.7567300	0.7539400	0.7513500	0.7482000	0.7465600	0.7496700	0.7546600	0.7569500	0.7574100	0.7589000	0.7623200	0.7642800	0.7634900	0.7632500	0.7612400	0.7570200	0.7556300	0.7568200	0.7582900	0.7588800	0.7570000	0.7530100	0.7499800	0.7517100	0.7560300	0.7560000	0.7520000	0.7500300	0.7517300	0.7552800	0.7580500	0.7597600	0.7614300	0.7596300	0.7552500	0.7538200	0.7546100	0.7556400	0.7570000	0.7567900	0.7550700	0.7562100	0.7601400	0.7604800	0.7567100	0.7542500	0.7534900	0.7507400	0.7470300	0.7480600	0.7544700	0.7616100	0.7661900	0.7665000	0.7634200	0.7594900	0.7579700	0.7599900	0.7608100	0.7578100	0.7538000	0.7514200	0.7516000	0.7530700	0.7554300	0.7585700	0.7595100	0.7569900	0.7546000	0.7555300	0.7585100	0.7601100	0.7596200	0.7591800	0.7591500	0.7575000	0.7555600	0.7561600	0.7580000	0.7585100	0.7571800	0.7546900	0.7520800	0.7501300	0.7493900	0.7495700	0.7490400	0.7479100	0.7488400	0.7532500	0.7581000	0.7596100	0.7598200	0.7614900	0.7631000	0.7621000	0.7588500	0.7570900	0.7575500	0.7571900	0.7555800	0.7551700	0.7571500	0.7594900	0.7603200	0.7600100	0.7596700	0.7593300	0.7579600	0.7565000	0.7564400	0.7571000	0.7578300	0.7580600	0.7562700	0.7537200	0.7533500	0.7547500	0.7562800	0.7572100	0.7560400	0.7530600	0.7523500	0.7554800	0.7582300	0.7577200	0.7558900	0.7560500	0.7592200	0.7612700	0.7599500	0.7589200	0.7584000	0.7565200	0.7549600	0.7541900	0.7542500	0.7563400	0.7588100	0.7589300	0.7571900	0.7552700	0.7537000	0.7528500	0.7528200	0.7539300	0.7557700	0.7558200	0.7551000	0.7574400	0.7604900	0.7605300	0.7594500	0.7585100	0.7573900	0.7572900	0.7585300	0.7600700	0.7600800	0.7572300	0.7544500	0.7555800	0.7582100	0.7587000	0.7591000	0.7602100	0.7603900	0.7613400	0.7640100	0.7658900	0.7651600	0.7624300	0.7592200	0.7570500	0.7574000	0.7587200	0.7578200	0.7558400	0.7554800	0.7559000	0.7559100	0.7564500	0.7580600	0.7598400	0.7610600	0.7610500	0.7593400	0.7576900	0.7579800	0.7579500	0.7555700	0.7532000	0.7532000	0.7555700	0.7589800	0.7609600	0.7613800	0.7622900	0.7626400	0.7609400	0.7592800	0.7597900	0.7605300	0.7593800	0.7588400	0.7595100	0.7589900	0.7583600	0.7594600	0.7616600	0.7624200	0.7604800	0.7592000	0.7599600	0.7596700	0.7589600	0.7603200	0.7614900	0.7604600	0.7593400	0.7598300	0.7612500	0.7619500	0.7608200	0.7584100	0.7559100	0.7554800	0.7584600	0.7618700	0.7626600	0.7617500	0.7606100	0.7601400	0.7608400	0.7610300	0.7594300	0.7580400	0.7581900	0.7589500	0.7601600	0.7619900	0.7636600	0.7646500	0.7650800	0.7644200	0.7623000	0.7600000	0.7584800	0.7588600	0.7614800	0.7631500	0.7612000	0.7586500	0.7586300	0.7587700	0.7574900	0.7568300	0.7573500	0.7583800	0.7593600	0.7598300	0.7597600	0.7589000	0.7587500	0.7608300	0.7623200	0.7617200	0.7611100	0.7607600	0.7601900	0.7593900	0.7586600	0.7594200	0.7613600	0.7622100	0.7616100	0.7608000	0.7603200	0.7600100	0.7604500	0.7618100	0.7624900	0.7622100	0.7615900	0.7606100	0.7609300	0.7629900	0.7637100	0.7617000	0.7597200	0.7595500	0.7592400	0.7588900	0.7603300	0.7616400	0.7613200	0.7607300	0.7608600	0.7613800	0.7612800	0.7608100	0.7610900	0.7629500	0.7664100	0.7688600	0.7684300	0.7671200	0.7661600	0.7649800	0.7646300	0.7652300	0.7648100	0.7633500	0.7627200	0.7636200	0.7651300	0.7658700	0.7650700	0.7633500	0.7629100	0.7642400	0.7652200	0.7651300	0.7647200	0.7638900	0.7626500	0.7620700	0.7636100	0.7662800	0.7671600	0.7662400	0.7652000	0.7654600	0.7673400	0.7685700	0.7677100	0.7664900	0.7667000	0.7683500	0.7690200	0.7666000	0.7639100	0.7643800	0.7664000	0.7671800	0.7672000	0.7674600	0.7667300	0.7649000	0.7638500	0.7640100	0.7649900	0.7664700	0.7674900	0.7688000	0.7701100	0.7693900	0.7678200	0.7665500	0.7654600	0.7657300	0.7664400	0.7652000	0.7632700	0.7635900	0.7657200	0.7667400	0.7659100	0.7654200	0.7659000	0.7665600	0.7678700	0.7679700	0.7653700	0.7639600	0.7651300	0.7654100	0.7645600	0.7650600	0.7662200	0.7662700	0.7660600	0.7665100	0.7668500	0.7667400	0.7665600	0.7664800	0.7673900	0.7699500	0.7727800	0.7735000	0.7711600	0.7673500	0.7651400	0.7656400	0.7666000	0.7669200	0.7671100	0.7666600	0.7659600	0.7652700	0.7646900	0.7659700	0.7693000	0.7715200	0.7703300	0.7676200	0.7664700	0.7681100	0.7714100	0.7734300	0.7718900	0.7680900	0.7657500	0.7662400	0.7677200	0.7682900	0.7672500	0.7658400	0.7658100	0.7661600	0.7655500	0.7651800	0.7657900	0.7659400	0.7654500	0.7662800	0.7684200	0.7693900	0.7686500	0.7677600	0.7681100	0.7695000	0.7697200	0.7684700	0.7678600	0.7681000	0.7683800	0.7685000	0.7685700	0.7687900	0.7691200	0.7694600	0.7692800	0.7684200	0.7678300	0.7680300	0.7679200	0.7663500	0.7646700	0.7646600	0.7656700	0.7670600	0.7688300	0.7696300	0.7692700	0.7692400	0.7699100	0.7705500	0.7710400	0.7718300	0.7721400	0.7710300	0.7702200	0.7708000	0.7708700	0.7698700	0.7698000	0.7709700	0.7716000	0.7710100	0.7709600	0.7720200	0.7721000	0.7714200	0.7716500	0.7724300	0.7734100	0.7743200	0.7742400	0.7728900	0.7711200	