function [ Trkoe ] = TrkoVer5421()
Tk = [
0.88422
0.88519
0.88400
0.88397
0.88467
0.88329
0.88258
0.88525
0.88835
0.89003
0.89194
0.89356
0.89234
0.88884
0.88683
0.88799
0.88915
0.88777
0.88525
0.88272
0.88208
0.88488
0.88789
0.88794
0.88635
0.88559
0.88597
0.88640
0.88646
0.88593
0.88454
0.88315
0.88262
0.88282
0.88429
0.88645
0.88752
0.88878
0.89048
0.89024
0.88858
0.88658
0.88430
0.88396
0.88630
0.88791
0.88674
0.88458
0.88354
0.88475
0.88763
0.88915
0.88850
0.88807
0.88727
0.88457
0.88240
0.88286
0.88496
0.88583
0.88336
0.88121
0.88298
0.88536
0.88558
0.88455
0.88329
0.88254
0.88205
0.88238
0.88380
0.88518
0.88702
0.88843
0.88773
0.88814
0.89115
0.89129
0.88714
0.88423
0.88449
0.88617
0.88801
0.88818
0.88544
0.88222
0.88191
0.88363
0.88489
0.88511
0.88451
0.88387
0.88459
0.88703
0.88863
0.88798
0.88720
0.88764
0.88924
0.89059
0.88953
0.88630
0.88290
0.88091
0.88089
0.88284
0.88552
0.88662
0.88569
0.88484
0.88539
0.88570
0.88417
0.88250
0.88251
0.88243
0.88202
0.88376
0.88656
0.88707
0.88550
0.88459
0.88514
0.88657
0.88881
0.89130
0.89178
0.88881
0.88621
0.88666
0.88766
0.88745
0.88574
0.88434
0.88549
0.88759
0.88818
0.88711
0.88588
0.88511
0.88448
0.88437
0.88384
0.88323
0.88439
0.88604
0.88639
0.88551
0.88457
0.88524
0.88834
0.89254
0.89472
0.89394
0.89097
0.88707
0.88514
0.88539
0.88551
0.88412
0.88180
0.88214
0.88597
0.88949
0.89045
0.88995
0.88973
0.89009
0.89002
0.88866
0.88705
0.88620
0.88622
0.88744
0.88821
0.88696
0.88499
0.88402
0.88446
0.88462
0.88430
0.88491
0.88496
0.88388
0.88416
0.88598
0.88730
0.88743
0.88661
0.88547
0.88567
0.88719
0.88737
0.88465
0.88123
0.88178
0.88708
0.89061
0.88808
0.88580
0.88939
0.89307
0.89305
0.89240
0.89171
0.88976
0.88835
0.88796
0.88742
0.88824
0.89151
0.89494
0.89456
0.88967
0.88569
0.88663
0.88938
0.88924
0.88690
0.88547
0.88529
0.88563
0.88636
0.88685
0.88799
0.89079
0.89263
0.89157
0.88961
0.88847
0.88764
0.88637
0.88506
0.88503
0.88794
0.89218
0.89297
0.89085
0.89075
0.89302
0.89397
0.89239
0.89106
0.89124
0.89107
0.89062
0.89199
0.89458
0.89564
0.89457
0.89331
0.89309
0.89259
0.89071
0.88951
0.89028
0.89051
0.88996
0.89023
0.88986
0.88798
0.88667
0.88721
0.88806
0.88764
0.88710
0.88780
0.88925
0.89091
0.89170
0.89150
0.89263
0.89539
0.89660
0.89505
0.89286
0.89071
0.88865
0.88813
0.88861
0.88883
0.88954
0.89127
0.89287
0.89386
0.89455
0.89362
0.89099
0.89038
0.89337
0.89568
0.89293
0.88783
0.88777
0.89262
0.89385
0.89076
0.88961
0.89108
0.89261
0.89247
0.89131
0.89186
0.89391
0.89473
0.89436
0.89485
0.89539
0.89351
0.88916
0.88554
0.88617
0.88964
0.89168
0.89144
0.89101
0.89204
0.89463
0.89796
0.90029
0.90021
0.89769
0.89427
0.89237
0.89254
0.89250
0.89054
0.88883
0.88946
0.89052
0.89145
0.89383
0.89781
0.90134
0.90089
0.89746
0.89591
0.89651
0.89677
0.89694
0.89736
0.89703
0.89630
0.89588
0.89453
0.89215
0.89179
0.89393
0.89472
0.89256
0.89064
0.89154
0.89325
0.89399
0.89375
0.89271
0.89249
0.89346
0.89434
0.89518
0.89565
0.89558
0.89514
0.89379
0.89233
0.89164
0.89116
0.89085
0.89108
0.89154
0.89256
0.89416
0.89471
0.89383
0.89341
0.89463
0.89694
0.89864
0.89889
0.89820
0.89621
0.89313
0.89165
0.89318
0.89602
0.89734
0.89601
0.89502
0.89646
0.89772
0.89719
0.89597
0.89408
0.89200
0.89103
0.89129
0.89320
0.89609
0.89780
0.89809
0.89766
0.89659
0.89538
0.89440
0.89374
0.89374
0.89459
0.89550
0.89594
0.89664
0.89798
0.89844
0.89650
0.89509
0.89713
0.89963
0.89972
0.89787
0.89565
0.89501
0.89569
0.89629
0.89687
0.89723
0.89717
0.89726
0.89745
0.89711
0.89571
0.89409
0.89434
0.89664
0.89870
0.89929
0.89906
0.89827
0.89723
0.89699
0.89752
0.89763
0.89692
0.89604
0.89524
0.89485
0.89583
0.89726
0.89688
0.89519
0.89441
0.89456
0.89458
0.89517
0.89675
0.89728
0.89596
0.89504
0.89572
0.89726
0.89947
0.90225
0.90419
0.90387
0.90206
0.90057
0.89955
0.89866
0.89854
0.89927
0.89992
0.89998
0.90028
0.90099
0.90103
0.90076
0.90121
0.90167
0.90088
0.89882
0.89679
0.89622
0.89683
0.89665
0.89571
0.89600
0.89681
0.89643
0.89619
0.89732
0.89816
0.89794
0.89763
0.89742
0.89718
0.89737
0.89813
0.89908
0.90028
0.90076
0.89961
0.89834
0.89770
0.89746
0.89836
0.90000
0.90047
0.89970
0.90012
0.90192
0.90214
0.90041
0.89984
0.90120
0.90234
0.90231
0.90179
0.90171
0.90148
0.90028
0.89976
0.90075
0.90215
0.90248
0.90042
0.89760
0.89691
0.89771
0.89755
0.89663
0.89650
0.89715
0.89845
0.90062
0.90236
0.90228
0.90119
0.90056
0.90118
0.90270
0.90341
0.90285
0.90246
0.90226
0.90188
0.90242
0.90380
0.90454
0.90481
0.90470
0.90312
0.90117
0.90066
0.90177
0.90344
0.90372
0.90285
0.90323
0.90482
0.90580
0.90609
0.90640
0.90628
0.90489
0.90265
0.90189
0.90338
0.90437
0.90385
0.90325
0.90231
0.90112
0.90128
0.90243
0.90234
0.90093
0.90056
0.90190
0.90312
0.90328
0.90333
0.90377
0.90447
0.90485
0.90385
0.90251
0.90256
0.90308
0.90310
0.90344
0.90426
0.90451
0.90409
0.90380
0.90396
0.90509
0.90648
0.90657
0.90606
0.90588
0.90560
0.90441
0.90244
0.90121
0.90166
0.90302
0.90379
0.90386
0.90438
0.90450
0.90275
0.90052
0.90005
0.90158
0.90342
0.90402
0.90436
0.90582
0.90705
0.90658
0.90556
0.90514
0.90480
0.90433
0.90383
0.90307
0.90284
0.90290
0.90191
0.90146
0.90324
0.90446
0.90319
0.90252
0.90448
0.90664
0.90640
0.90484
0.90450
0.90505
0.90494
0.90466
0.90461
0.90418
0.90402
0.90486
0.90543
0.90482
0.90414
0.90428
0.90434
0.90393
0.90406
0.90467
0.90515
0.90584
0.90640
0.90544
0.90356
0.90285
0.90325
0.90386
0.90491
0.90617
0.90689
0.90638
0.90482
0.90430
0.90556
0.90639
0.90522
0.90293
0.90171
0.90316
0.90632
0.90813
0.90749
0.90661
0.90657
0.90641
0.90590
0.90550
0.90533
0.90543
0.90526
0.90417
0.90325
0.90355
0.90438
0.90503
0.90535
0.90559
0.90604
0.90609
0.90538
0.90517
0.90610
0.90642
0.90515
0.90386
0.90384
0.90420
0.90377
0.90327
0.90407
0.90602
0.90782
0.90798
0.90615
0.90398
0.90330
0.90392
0.90473
0.90537
0.90609
0.90674
0.90706
0.90738
0.90741
0.90682
0.90632
0.90617
0.90635
0.90704
0.90725
0.90614
0.90483
0.90454
0.90501
0.90583
0.90712
0.90836
0.90830
0.90711
0.90624
0.90589
0.90545
0.90545
0.90600
0.90629
0.90696
0.90840
0.90891
0.90744
0.90539
0.90503
0.90635
0.90744
0.90788
0.90818
0.90800
0.90760
0.90766
0.90793
0.90825
0.90844
0.90804
0.90773
0.90773
0.90685
0.90588
0.90612
0.90653
0.90683
0.90755
0.90781
0.90711
0.90633
0.90640
0.90714
0.90793
0.90883
0.90940
0.90884
0.90720
0.90555
0.90541
0.90654
0.90733
0.90747
0.90720
0.90685
0.90724
0.90809
0.90814
0.90741
0.90738
0.90818
0.90842
0.90736
0.90562
0.90461
0.90499
0.90612
0.90698
0.90732
0.90810
0.90918
0.90934
0.90883
0.90839
0.90846
0.90911
0.90900
0.90778
0.90685
0.90601
0.90482
0.90473
0.90609
0.90712
0.90679
0.90636
0.90751
0.90959
0.91029
0.90920
0.90801
0.90728
0.90668
0.90725
0.90909
0.90975
0.90848
0.90765
0.90788
0.90756
0.90692
0.90719
0.90782
0.90786
0.90744
0.90725
0.90749
0.90750
0.90713
0.90655
0.90634
0.90730
0.90874
0.90997
0.91065
0.90976
0.90796
0.90687
0.90680
0.90755
0.90837
0.90828
0.90821
0.90950
0.91096
0.91071
0.90889
0.90728
0.90685
0.90722
0.90817
0.90891
0.90839
0.90765
0.90823
0.90897
0.90801
0.90681
0.90744
0.90869
0.90929
0.90985
0.91062
0.91119
0.91072
0.90942
0.90873
0.90855
0.90816
0.90817
0.90849
0.90862
0.90940
0.91077
0.91130
0.91083
0.91037
0.91072
0.91148
