function [ Trkoe ] = TrkoVer5432()
Tk = [
1.03776
1.03863
1.03870
1.03635
1.03545
1.03767
1.03949
1.03823
1.03679
1.03806
1.03782
1.03523
1.03537
1.03765
1.03926
1.03980
1.03851
1.03507
1.03266
1.03428
1.03725
1.03897
1.04074
1.04231
1.04147
1.03855
1.03486
1.03086
1.02879
1.03003
1.03245
1.03385
1.03351
1.03221
1.03229
1.03510
1.03883
1.04069
1.04033
1.03941
1.03822
1.03625
1.03532
1.03661
1.03834
1.03900
1.03876
1.03837
1.03826
1.03725
1.03483
1.03332
1.03339
1.03454
1.03727
1.03970
1.03991
1.03849
1.03667
1.03529
1.03376
1.03250
1.03340
1.03552
1.03630
1.03531
1.03360
1.03299
1.03420
1.03530
1.03534
1.03493
1.03462
1.03539
1.03708
1.03752
1.03578
1.03448
1.03473
1.03413
1.03222
1.03071
1.03092
1.03207
1.03283
1.03459
1.03717
1.03748
1.03559
1.03461
1.03647
1.03995
1.04179
1.04138
1.03992
1.03763
1.03516
1.03298
1.03203
1.03264
1.03344
1.03521
1.03752
1.03748
1.03525
1.03272
1.03176
1.03331
1.03446
1.03415
1.03621
1.04017
1.04026
1.03487
1.02960
1.02907
1.03137
1.03348
1.03554
1.03753
1.03797
1.03702
1.03549
1.03316
1.03207
1.03383
1.03519
1.03299
1.02992
1.02924
1.02859
1.02647
1.02602
1.02832
1.03000
1.02922
1.02884
1.03061
1.03210
1.03206
1.03225
1.03205
1.02954
1.02694
1.02650
1.02691
1.02862
1.03303
1.03589
1.03328
1.03017
1.03046
1.03167
1.03200
1.03198
1.03213
1.03201
1.03006
1.02799
1.02885
1.03017
1.02945
1.02929
1.03061
1.03096
1.03091
1.03269
1.03433
1.03382
1.03230
1.03183
1.03378
1.03590
1.03594
1.03490
1.03370
1.03253
1.03058
1.02868
1.02961
1.03250
1.03338
1.03137
1.03044
1.03188
1.03311
1.03299
1.03211
1.03038
1.02775
1.02695
1.02983
1.03334
1.03484
1.03490
1.03285
1.02897
1.02629
1.02505
1.02438
1.02488
1.02632
1.02853
1.03206
1.03620
1.03834
1.03781
1.03656
1.03537
1.03466
1.03590
1.03783
1.03597
1.03074
1.02741
1.02731
1.02899
1.03122
1.03180
1.02992
1.02901
1.03072
1.03204
1.03114
1.02926
1.02785
1.02671
1.02597
1.02622
1.02730
1.02896
1.02917
1.02735
1.02656
1.02713
1.02821
1.03051
1.03355
1.03599
1.03547
1.03138
1.02749
1.02598
1.02646
1.02817
1.02834
1.02680
1.02767
1.03083
1.03241
1.03225
1.03121
1.02891
1.02715
1.02669
1.02626
1.02663
1.02811
1.02932
1.02969
1.02907
1.02731
1.02572
1.02485
1.02306
1.02100
1.02175
1.02528
1.02914
1.03121
1.03106
1.03107
1.03310
1.03466
1.03293
1.02851
1.02402
1.02263
1.02518
1.02976
1.03320
1.03258
1.02942
1.02780
1.02716
1.02528
1.02402
1.02472
1.02580
1.02639
1.02684
1.02666
1.02531
1.02490
1.02711
1.02960
1.03079
1.03164
1.03171
1.03032
1.02845
1.02717
1.02693
1.02599
1.02343
1.02299
1.02573
1.02774
1.02783
1.02738
1.02602
1.02454
1.02564
1.02865
1.03072
1.03093
1.02995
1.02870
1.02833
1.02904
1.02935
1.02838
1.02675
1.02507
1.02464
1.02710
1.03039
1.02957
1.02429
1.02059
1.02166
1.02446
1.02738
1.03045
1.03111
1.02904
1.02767
1.02804
1.02826
1.02675
1.02423
1.02247
1.02246
1.02411
1.02489
1.02279
1.02136
1.02376
1.02610
1.02508
1.02341
1.02379
1.02520
1.02568
1.02504
1.02501
1.02619
1.02700
1.02641
1.02473
1.02305
1.02235
1.02261
1.02402
1.02551
1.02563
1.02582
1.02631
1.02563
1.02454
1.02427
1.02456
1.02397
1.02265
1.02329
1.02571
1.02741
1.02845
1.02978
1.03031
1.02991
1.02922
1.02755
1.02587
1.02627
1.02717
1.02621
1.02478
1.02470
1.02496
1.02478
1.02468
1.02499
1.02589
1.02591
1.02438
1.02453
1.02695
1.02835
1.02785
1.02649
1.02520
1.02521
1.02569
1.02497
1.02404
1.02306
1.02167
1.02216
1.02491
1.02685
1.02540
1.02237
1.02161
1.02311
1.02428
1.02417
1.02381
1.02371
1.02344
1.02265
1.02155
1.02151
1.02328
1.02553
1.02650
1.02579
1.02447
1.02364
1.02344
1.02348
1.02369
1.02374
1.02306
1.02167
1.02038
1.02059
1.02262
1.02456
1.02444
1.02295
1.02262
1.02389
1.02520
1.02562
1.02517
1.02438
1.02424
1.02494
1.02526
1.02489
1.02487
1.02501
1.02467
1.02406
1.02413
1.02589
1.02778
1.02706
1.02488
1.02432
1.02523
1.02558
1.02531
1.02558
1.02644
1.02742
1.02815
1.02847
1.02840
1.02761
1.02657
1.02641
1.02644
1.02558
1.02492
1.02505
1.02434
1.02272
1.02250
1.02409
1.02539
1.02497
1.02365
1.02306
1.02343
1.02386
1.02437
1.02574
1.02688
1.02615
1.02505
1.02497
1.02498
1.02487
1.02515
1.02528
1.02477
1.02496
1.02582
1.02541
1.02453
1.02484
1.02518
1.02435
1.02411
1.02559
1.02641
1.02625
1.02753
1.02856
1.02669
1.02420
1.02353
1.02374
1.02339
1.02282
1.02318
1.02421
1.02426
1.02347
1.02405
1.02586
1.02701
1.02750
1.02692
1.02467
1.02307
1.02357
1.02489
1.02627
1.02755
1.02809
1.02792
1.02749
1.02636
1.02490
1.02435
1.02449
1.02485
1.02613
1.02786
1.02815
1.02687
1.02583
1.02615
1.02723
1.02713
1.02467
1.02202
1.02184
1.02282
1.02298
1.02295
1.02350
1.02413
1.02419
1.02358
1.02327
1.02431
1.02617
1.02670
1.02525
1.02367
1.02299
1.02307
1.02357
1.02361
1.02331
1.02324
1.02355
1.02459
1.02583
1.02611
1.02593
1.02641
1.02723
1.02720
1.02587
1.02422
1.02340
1.02382
1.02544
1.02747
1.02784
1.02575
1.02424
1.02529
1.02665
1.02654
1.02571
1.02555
1.02598
1.02595
1.02567
1.02538
1.02527
1.02597
1.02661
1.02633
1.02561
1.02501
1.02475
1.02419
1.02261
1.02100
1.02106
1.02298
1.02469
1.02459
1.02440
1.02549
1.02643
1.02619
1.02541
1.02432
1.02217
1.01989
1.01999
1.02252
1.02479
1.02485
1.02396
1.02380
1.02379
1.02437
1.02587
1.02617
1.02504
1.02405
1.02326
1.02299
1.02355
1.02369
1.02346
1.02413
1.02487
1.02465
1.02475
1.02646
1.02783
1.02592
1.02323
1.02351
1.02455
1.02407
1.02412
1.02552
1.02647
1.02591
1.02435
1.02269
1.02183
1.02225
1.02286
1.02250
1.02195
1.02213
1.02307
1.02464
1.02580
1.02550
1.02433
1.02330
1.02317
1.02365
1.02395
1.02470
1.02603
1.02649
1.02596
1.02542
1.02478
1.02473
1.02591
1.02630
1.02529
1.02446
1.02381
1.02310
1.02285
1.02352
1.02502
1.02601
1.02548
1.02426
1.02307
1.02188
1.02154
1.02297
1.02505
1.02595
1.02585
1.02578
1.02583
1.02549
1.02437
1.02367
1.02418
1.02465
1.02475
1.02478
1.02441
1.02373
1.02333
1.02380
1.02478
1.02499
1.02469
1.02519
1.02585
1.02500
1.02286
1.02145
1.02184
1.02301
1.02380
1.02402
1.02431
1.02533
1.02618
1.02569
1.02432
1.02306
1.02220
1.02188
1.02240
1.02314
1.02352
1.02386
1.02363
1.02265
1.02246
1.02326
1.02361
1.02296
1.02270
1.02395
1.02458
1.02319
1.02194
1.02168
1.02140
1.02110
1.02167
1.02299
1.02353
1.02264
1.02177
1.02243
1.02372
1.02393
1.02307
1.02208
1.02212
1.02405
1.02584
1.02514
1.02372
1.02336
1.02302
1.02240
1.02232
1.02285
1.02337
1.02358
1.02355
1.02306
1.02232
1.02239
1.02378
1.02492
1.02394
1.02183
1.02041
1.01984
1.02000
1.02106
1.02265
1.02399
1.02442
1.02394
1.02376
1.02423
1.02388
1.02269
1.02251
1.02327
1.02314
1.02236
1.02232
1.02274
1.02318
1.02363
1.02379
1.02391
1.02429
1.02486
1.02571
1.02630
1.02545
1.02352
1.02240
1.02268
1.02296
1.02179
1.02022
1.01995
1.02058
1.02137
1.02174
1.02153
1.02162
1.02221
1.02307
1.02428
1.02562
1.02670
1.02684
1.02595
1.02523
1.02522
1.02497
1.02447
1.02459
1.02516
1.02516
1.02398
1.02249
1.02219
1.02276
1.02290
1.02277
1.02301
1.02324
1.02304
1.02287
1.02333
1.02399
1.02438
1.02485
1.02505
1.02436
1.02339
1.02259
1.02206
1.02253
1.02375
1.02390
1.02239
1.02140
1.02226
1.02307
1.02302
1.02374
1.02469
1.02474
1.02487
1.02515
1.02498
1.02488
1.02464
1.02395
1.02360
1.02326
1.02269
1.02258
1.02297
1.02322
1.02254
1.02172
1.02267
1.02492
1.02553
1.02369
1.02204
1.02140
1.02084
1.02162
1.02408
1.02588
1.02592
1.02526
1.02508
