function [ Trkoe ] = TrkoVer5692()
Tk = [
0.97234
0.97374
0.97346
0.97237
0.97312
0.97434
0.97344
0.97249
0.97362
0.97538
0.97653
0.97753
0.97849
0.97854
0.97742
0.97557
0.97411
0.97478
0.97565
0.97300
0.96907
0.96817
0.97046
0.97379
0.97671
0.97887
0.97801
0.97366
0.96981
0.96756
0.96710
0.97000
0.97378
0.97480
0.97370
0.97301
0.97215
0.96985
0.96864
0.96997
0.97211
0.97366
0.97414
0.97295
0.97124
0.97184
0.97355
0.97337
0.97310
0.97468
0.97552
0.97386
0.97285
0.97461
0.97596
0.97426
0.97186
0.97164
0.97302
0.97378
0.97334
0.97351
0.97362
0.97167
0.96914
0.96680
0.96575
0.96710
0.96870
0.97093
0.97461
0.97691
0.97564
0.97253
0.97240
0.97541
0.97708
0.97725
0.97662
0.97357
0.96976
0.96903
0.97157
0.97316
0.97194
0.97003
0.96915
0.97058
0.97295
0.97277
0.97085
0.97046
0.97114
0.97063
0.97038
0.97221
0.97421
0.97492
0.97453
0.97315
0.97273
0.97409
0.97419
0.97134
0.96748
0.96501
0.96519
0.96696
0.96867
0.97004
0.97061
0.97014
0.96862
0.96632
0.96603
0.96852
0.97020
0.96986
0.96910
0.96849
0.96975
0.97339
0.97520
0.97444
0.97437
0.97400
0.97148
0.96837
0.96635
0.96593
0.96750
0.97017
0.97161
0.97116
0.97061
0.97061
0.97035
0.96937
0.96707
0.96555
0.96778
0.97102
0.97241
0.97332
0.97384
0.97420
0.97627
0.97880
0.97925
0.97717
0.97391
0.97205
0.97333
0.97616
0.97697
0.97403
0.96979
0.96828
0.97012
0.97206
0.97142
0.97050
0.97267
0.97554
0.97292
0.96684
0.96552
0.96735
0.96726
0.96567
0.96444
0.96431
0.96577
0.96870
0.97129
0.97221
0.97179
0.97073
0.97065
0.97109
0.97012
0.96756
0.96560
0.96615
0.96769
0.96822
0.96749
0.96734
0.96903
0.96959
0.96931
0.97215
0.97498
0.97290
0.96832
0.96650
0.96905
0.97220
0.97156
0.96869
0.96766
0.96761
0.96663
0.96700
0.97043
0.97325
0.97246
0.97158
0.97427
0.97738
0.97782
0.97663
0.97408
0.97143
0.97084
0.97032
0.96848
0.96706
0.96728
0.96991
0.97258
0.97211
0.97075
0.97067
0.97052
0.97037
0.97129
0.97178
0.97023
0.96773
0.96654
0.96884
0.97331
0.97476
0.97164
0.96798
0.96653
0.96688
0.96927
0.97255
0.97401
0.97329
0.97091
0.96837
0.96805
0.96964
0.97073
0.97069
0.97101
0.97201
0.97259
0.97231
0.97142
0.97062
0.97015
0.96949
0.96924
0.96923
0.96877
0.96904
0.96969
0.96965
0.96974
0.97037
0.96961
0.96575
0.96287
0.96489
0.96953
0.97369
0.97513
0.97429
0.97397
0.97462
0.97405
0.97112
0.96727
0.96529
0.96662
0.96866
0.96935
0.97095
0.97303
0.97275
0.97171
0.97143
0.97136
0.97174
0.97238
0.97258
0.97254
0.97303
0.97403
0.97432
0.97345
0.97202
0.97134
0.97202
0.97217
0.97094
0.96976
0.96926
0.96913
0.96927
0.96906
0.96778
0.96651
0.96681
0.96811
0.96786
0.96612
0.96647
0.96949
0.97193
0.97183
0.97067
0.97061
0.97083
0.97023
0.96890
0.96751
0.96801
0.97016
0.97098
0.96963
0.96851
0.96886
0.97001
0.97060
0.96858
0.96632
0.96803
0.97153
0.97326
0.97310
0.97210
0.97096
0.97029
0.97059
0.97068
0.96923
0.96754
0.96680
0.96685
0.96779
0.96891
0.96916
0.96962
0.97160
0.97354
0.97272
0.96984
0.96758
0.96672
0.96745
0.97012
0.97276
0.97214
0.96886
0.96672
0.96689
0.96823
0.97018
0.97148
0.97150
0.97150
0.97134
0.97050
0.96961
0.96865
0.96897
0.97142
0.97322
0.97366
0.97569
0.97797
0.97648
0.97277
0.97141
0.97292
0.97462
0.97454
0.97337
0.97266
0.97301
0.97339
0.97296
0.97256
0.97221
0.97232
0.97390
0.97508
0.97515
0.97589
0.97527
0.97082
0.96764
0.97025
0.97436
0.97479
0.97232
0.97063
0.97076
0.97128
0.97213
0.97406
0.97509
0.97358
0.97277
0.97465
0.97651
0.97705
0.97712
0.97643
0.97447
0.97260
0.97147
0.97033
0.97038
0.97181
0.97257
0.97226
0.97143
0.97112
0.97104
0.96931
0.96746
0.96829
0.97023
0.97085
0.97127
0.97318
0.97478
0.97293
0.96961
0.96912
0.97120
0.97280
0.97229
0.97094
0.97052
0.97097
0.97154
0.97197
0.97248
0.97246
0.97183
0.97216
0.97368
0.97444
0.97352
0.97230
0.97152
0.97137
0.97210
0.97177
0.97071
0.97151
0.97257
0.97294
0.97414
0.97473
0.97387
0.97311
0.97307
0.97340
0.97361
0.97371
0.97289
0.97072
0.96979
0.97132
0.97246
0.97168
0.97094
0.97166
0.97323
0.97395
0.97249
0.97046
0.97005
0.97110
0.97219
0.97238
0.97187
0.97119
0.97096
0.97189
0.97318
0.97349
0.97355
0.97420
0.97367
0.97127
0.96941
0.96957
0.97078
0.97234
0.97451
0.97597
0.97484
0.97202
0.96948
0.96764
0.96690
0.96784
0.96997
0.97215
0.97330
0.97334
0.97242
0.97058
0.97055
0.97405
0.97688
0.97539
0.97198
0.97073
0.97197
0.97361
0.97437
0.97371
0.97226
0.97199
0.97292
0.97352
0.97401
0.97473
0.97426
0.97305
0.97303
0.97345
0.97272
0.97126
0.97051
0.97113
0.97206
0.97196
0.97158
0.97228
0.97366
0.97464
0.97501
0.97454
0.97313
0.97182
0.97147
0.97216
0.97309
0.97272
0.97109
0.96997
0.97057
0.97241
0.97387
0.97424
0.97437
0.97445
0.97362
0.97274
0.97329
0.97444
0.97518
0.97516
0.97409
0.97288
0.97226
0.97176
0.97161
0.97219
0.97270
0.97259
0.97239
0.97242
0.97275
0.97307
0.97256
0.97132
0.97111
0.97253
0.97321
0.97188
0.97035
0.97051
0.97166
0.97143
0.96989
0.97001
0.97205
0.97338
0.97390
0.97403
0.97275
0.97222
0.97388
0.97435
0.97274
0.97228
0.97362
0.97482
0.97499
0.97510
0.97604
0.97679
0.97633
0.97524
0.97441
0.97382
0.97401
0.97597
0.97766
0.97669
0.97421
0.97259
0.97302
0.97452
0.97526
0.97482
0.97365
0.97268
0.97273
0.97303
0.97215
0.97134
0.97307
0.97619
0.97733
0.97557
0.97364
0.97429
0.97635
0.97710
0.97665
0.97628
0.97593
0.97525
0.97526
0.97744
0.98017
0.98020
0.97784
0.97516
0.97340
0.97342
0.97440
0.97482
0.97430
0.97294
0.97180
0.97198
0.97265
0.97324
0.97436
0.97516
0.97483
0.97410
0.97390
0.97448
0.97472
0.97353
0.97257
0.97384
0.97592
0.97617
0.97476
0.97378
0.97362
0.97360
0.97392
0.97422
0.97439
0.97497
0.97463
0.97333
0.97313
0.97336
0.97352
0.97466
0.97527
0.97500
0.97580
0.97653
0.97550
0.97437
0.97475
0.97556
0.97552
0.97550
0.97621
0.97649
0.97580
0.97527
0.97577
0.97620
0.97552
0.97485
0.97440
0.97303
0.97201
0.97319
0.97494
0.97467
0.97337
0.97279
0.97258
0.97302
0.97422
0.97488
0.97479
0.97483
0.97505
0.97518
0.97525
0.97497
0.97411
0.97319
0.97311
0.97353
0.97334
0.97263
0.97167
0.97129
0.97283
0.97522
0.97677
0.97683
0.97541
0.97370
0.97285
0.97365
0.97551
0.97622
0.97544
0.97509
0.97563
0.97583
0.97558
0.97524
0.97442
0.97333
0.97286
0.97344
0.97440
0.97469
0.97412
0.97290
0.97161
0.97150
0.97276
0.97410
0.97499
0.97578
0.97608
0.97583
0.97491
0.97288
0.97185
0.97321
0.97459
0.97477
0.97510
0.97577
0.97576
0.97537
0.97568
0.97639
0.97647
0.97579
0.97464
0.97349
0.97315
0.97356
0.97394
0.97432
0.97513
0.97603
0.97611
0.97523
0.97430
0.97422
0.97434
0.97362
0.97301
0.97338
0.97382
0.97372
0.97273
0.97182
0.97332
0.97603
0.97686
0.97618
0.97551
0.97502
0.97456
0.97430
0.97434
0.97393
0.97320
0.97315
0.97382
0.97504
0.97604
0.97586
0.97543
0.97554
0.97511
0.97399
0.97326
0.97289
0.97316
0.97419
0.97477
0.97445
0.97367
0.97348
0.97374
0.97291
0.97177
0.97232
0.97407
0.97543
0.97585
0.97562
0.97532
0.97468
0.97404
0.97506
0.97702
0.97750
0.97636
0.97495
0.97449
0.97526
0.97590
0.97576
0.97590
0.97575
0.97449
0.97357
0.97365
0.97412
0.97475
0.97506
0.97488
0.97429
0.97301
0.97156
0.97109
0.97243
0.97520
0.97690
0.97606
0.97462
0.97373
0.97290
0.97245
0.97279
0.97354
0.97422
0.97484
0.97545
0.97509
0.97347
0.97277
0.97407
0.97519
0.97472
0.97385
0.97356
0.97376
0.97417
0.97378
0.97218
0.97082
0.97051
0.97101
0.97249
0.97423
0.97497
0.97529
0.97553
0.97487
0.97378
