function [ Trkoe ] = TrkoVer5431()
Tk = [
0.97203
0.97059
0.96695
0.96532
0.96724
0.97050
0.97330
0.97664
0.98003
0.98141
0.98245
0.98345
0.98066
0.97520
0.97269
0.97372
0.97350
0.97137
0.97107
0.97200
0.97201
0.97289
0.97521
0.97621
0.97584
0.97591
0.97470
0.97169
0.97141
0.97497
0.97641
0.97335
0.97032
0.97068
0.97420
0.97712
0.97544
0.97221
0.97184
0.97293
0.97362
0.97321
0.97169
0.97132
0.97231
0.97320
0.97422
0.97409
0.97222
0.97241
0.97602
0.97776
0.97540
0.97352
0.97442
0.97503
0.97293
0.97174
0.97458
0.97696
0.97455
0.97078
0.96952
0.96846
0.96707
0.96752
0.96785
0.96692
0.96666
0.96832
0.97075
0.97117
0.97042
0.97219
0.97565
0.97843
0.98020
0.97894
0.97531
0.97320
0.97329
0.97494
0.97558
0.97220
0.96771
0.96618
0.96672
0.96688
0.96704
0.96833
0.96986
0.97057
0.97099
0.97179
0.97186
0.97084
0.97039
0.97232
0.97707
0.98091
0.98003
0.97592
0.97197
0.96988
0.96846
0.96742
0.96858
0.97019
0.96984
0.96932
0.96948
0.96830
0.96625
0.96582
0.96681
0.96635
0.96426
0.96455
0.96860
0.97207
0.97237
0.97176
0.97102
0.96976
0.97069
0.97477
0.97757
0.97496
0.96994
0.96804
0.96951
0.97083
0.96939
0.96640
0.96481
0.96554
0.96670
0.96666
0.96746
0.97017
0.97167
0.97051
0.96861
0.96851
0.97067
0.97244
0.97107
0.96716
0.96414
0.96449
0.96870
0.97424
0.97671
0.97685
0.97622
0.97265
0.96825
0.96680
0.96650
0.96481
0.96393
0.96750
0.97253
0.97227
0.96805
0.96779
0.97181
0.97504
0.97516
0.97244
0.96936
0.96821
0.96880
0.96958
0.96894
0.96701
0.96484
0.96332
0.96426
0.96718
0.96941
0.97026
0.97074
0.97101
0.97013
0.96825
0.96675
0.96690
0.96780
0.96824
0.97031
0.97402
0.97399
0.96778
0.96214
0.96398
0.96973
0.97183
0.96951
0.96916
0.97365
0.97795
0.97972
0.98018
0.97889
0.97635
0.97491
0.97468
0.97403
0.97400
0.97646
0.98028
0.98147
0.97854
0.97427
0.97072
0.96912
0.96888
0.96840
0.96880
0.97014
0.97128
0.97267
0.97354
0.97356
0.97434
0.97498
0.97341
0.97076
0.96976
0.97037
0.96977
0.96765
0.96662
0.96807
0.97124
0.97291
0.97214
0.97295
0.97581
0.97635
0.97420
0.97324
0.97385
0.97332
0.97222
0.97289
0.97511
0.97759
0.97875
0.97747
0.97553
0.97422
0.97228
0.97077
0.97087
0.97051
0.96946
0.96905
0.96867
0.96777
0.96792
0.96935
0.96881
0.96637
0.96640
0.96842
0.96996
0.97236
0.97457
0.97579
0.97837
0.98068
0.97827
0.97195
0.96629
0.96376
0.96489
0.96866
0.97134
0.97121
0.97056
0.97060
0.97075
0.97137
0.97234
0.97220
0.97084
0.97046
0.97313
0.97660
0.97566
0.97169
0.97179
0.97584
0.97673
0.97332
0.97027
0.97013
0.97176
0.97227
0.97202
0.97378
0.97606
0.97559
0.97367
0.97320
0.97384
0.97354
0.97111
0.96823
0.96777
0.96967
0.97112
0.96935
0.96614
0.96674
0.97182
0.97693
0.97922
0.97911
0.97647
0.97269
0.97135
0.97191
0.97143
0.97041
0.96999
0.96853
0.96681
0.96860
0.97297
0.97759
0.98133
0.98177
0.97984
0.97901
0.97900
0.97819
0.97699
0.97504
0.97190
0.96975
0.96927
0.96856
0.96779
0.96833
0.96970
0.97020
0.96969
0.97038
0.97278
0.97367
0.97198
0.97059
0.97111
0.97266
0.97441
0.97538
0.97537
0.97501
0.97436
0.97349
0.97300
0.97276
0.97107
0.96750
0.96602
0.96830
0.96932
0.96739
0.96618
0.96739
0.97035
0.97303
0.97424
0.97534
0.97722
0.97899
0.97953
0.97829
0.97557
0.97237
0.97021
0.97065
0.97258
0.97327
0.97300
0.97309
0.97306
0.97252
0.97129
0.96989
0.96961
0.96938
0.96856
0.96949
0.97158
0.97267
0.97299
0.97250
0.97144
0.97124
0.97179
0.97199
0.97171
0.97066
0.96918
0.96851
0.96854
0.96948
0.97194
0.97401
0.97433
0.97394
0.97367
0.97315
0.97205
0.97183
0.97354
0.97495
0.97451
0.97352
0.97249
0.97107
0.97028
0.97112
0.97249
0.97280
0.97265
0.97309
0.97319
0.97225
0.97169
0.97297
0.97442
0.97393
0.97313
0.97363
0.97408
0.97379
0.97299
0.97151
0.97070
0.97172
0.97262
0.97171
0.97024
0.96990
0.97077
0.97182
0.97263
0.97395
0.97544
0.97555
0.97527
0.97695
0.97919
0.97929
0.97825
0.97776
0.97722
0.97658
0.97655
0.97669
0.97687
0.97755
0.97751
0.97575
0.97419
0.97414
0.97371
0.97254
0.97274
0.97366
0.97376
0.97367
0.97357
0.97289
0.97268
0.97411
0.97570
0.97589
0.97519
0.97408
0.97315
0.97316
0.97400
0.97477
0.97463
0.97388
0.97360
0.97422
0.97506
0.97564
0.97614
0.97694
0.97790
0.97752
0.97545
0.97386
0.97451
0.97700
0.97886
0.97840
0.97721
0.97686
0.97663
0.97612
0.97621
0.97697
0.97694
0.97642
0.97739
0.97887
0.97852
0.97626
0.97381
0.97326
0.97427
0.97473
0.97476
0.97491
0.97492
0.97495
0.97482
0.97448
0.97452
0.97484
0.97456
0.97403
0.97419
0.97438
0.97417
0.97445
0.97475
0.97480
0.97573
0.97674
0.97625
0.97518
0.97491
0.97567
0.97749
0.97914
0.97864
0.97770
0.97852
0.97868
0.97704
0.97581
0.97599
0.97704
0.97799
0.97865
0.97989
0.98123
0.98145
0.98071
0.98011
0.98017
0.97978
0.97782
0.97610
0.97625
0.97691
0.97729
0.97725
0.97598
0.97463
0.97517
0.97673
0.97696
0.97589
0.97567
0.97701
0.97805
0.97771
0.97706
0.97665
0.97643
0.97613
0.97547
0.97525
0.97570
0.97663
0.97785
0.97831
0.97765
0.97641
0.97576
0.97699
0.97891
0.97953
0.97873
0.97775
0.97827
0.97994
0.98045
0.97922
0.97747
0.97636
0.97615
0.97593
0.97544
0.97582
0.97683
0.97702
0.97658
0.97612
0.97575
0.97659
0.97826
0.97835
0.97709
0.97689
0.97762
0.97776
0.97790
0.97853
0.97835
0.97684
0.97499
0.97400
0.97479
0.97610
0.97624
0.97677
0.97843
0.97867
0.97675
0.97519
0.97558
0.97638
0.97639
0.97645
0.97670
0.97683
0.97698
0.97694
0.97665
0.97663
0.97738
0.97856
0.97887
0.97777
0.97698
0.97768
0.97800
0.97678
0.97511
0.97403
0.97440
0.97603
0.97734
0.97750
0.97728
0.97747
0.97744
0.97708
0.97701
0.97677
0.97628
0.97590
0.97521
0.97467
0.97477
0.97472
0.97455
0.97480
0.97536
0.97653
0.97812
0.97860
0.97766
0.97677
0.97645
0.97674
0.97742
0.97730
0.97680
0.97702
0.97657
0.97501
0.97425
0.97485
0.97623
0.97772
0.97807
0.97718
0.97627
0.97602
0.97609
0.97654
0.97807
0.97976
0.97965
0.97798
0.97641
0.97583
0.97591
0.97589
0.97603
0.97704
0.97827
0.97853
0.97763
0.97657
0.97608
0.97563
0.97528
0.97549
0.97568
0.97611
0.97724
0.97801
0.97826
0.97856
0.97850
0.97826
0.97852
0.97880
0.97762
0.97481
0.97326
0.97473
0.97669
0.97724
0.97745
0.97782
0.97802
0.97824
0.97781
0.97650
0.97541
0.97514
0.97557
0.97637
0.97727
0.97787
0.97755
0.97653
0.97584
0.97577
0.97567
0.97555
0.97593
0.97634
0.97616
0.97614
0.97674
0.97716
0.97789
0.97948
0.98061
0.98067
0.98002
0.97853
0.97724
0.97726
0.97725
0.97611
0.97484
0.97493
0.97604
0.97620
0.97586
0.97660
0.97770
0.97834
0.97838
0.97772
0.97686
0.97644
0.97660
0.97696
0.97709
0.97685
0.97634
0.97616
0.97655
0.97682
0.97665
0.97641
0.97652
0.97700
0.97729
0.97662
0.97533
0.97541
0.97737
0.97892
0.97861
0.97745
0.97655
0.97570
0.97515
0.97550
0.97632
0.97702
0.97711
0.97657
0.97664
0.97782
0.97824
0.97768
0.97788
0.97791
0.97642
0.97499
0.97517
0.97661
0.97825
0.97873
0.97747
0.97594
0.97546
0.97567
0.97663
0.97819
0.97907
0.97862
0.97721
0.97554
0.97486
0.97535
0.97580
0.97611
0.97725
0.97842
0.97801
0.97662
0.97621
0.97734
0.97818
0.97722
0.97591
0.97593
0.97716
0.97822
0.97754
0.97614
0.97624
0.97711
0.97717
0.97704
0.97708
0.97685
0.97704
0.97757
0.97755
0.97715
0.97668
0.97597
0.97541
0.97575
0.97585
0.97464
0.97438
0.97653
0.97860
0.97832
0.97689
0.97648
0.97653
0.97588
0.97575
0.97712
0.97893
0.97955
0.97892
0.97824
0.97746
0.97676
0.97718
0.97828
0.97895
0.97929
0.97958
0.97951
0.97918
0.97926
0.97982
0.97965
