function [ Trkoe ] = TrkoVer5441()
Tk = [
1.04536
1.04278
1.04397
1.04760
1.04839
1.04607
1.04504
1.04662
1.04761
1.04817
1.05013
1.05028
1.04628
1.04157
1.04033
1.04131
1.04040
1.03695
1.03483
1.03743
1.04180
1.04365
1.04452
1.04646
1.04763
1.04616
1.04440
1.04615
1.04906
1.04887
1.04719
1.04545
1.04274
1.04117
1.04228
1.04465
1.04661
1.04607
1.04328
1.04217
1.04500
1.04974
1.05229
1.05104
1.04805
1.04569
1.04533
1.04555
1.04480
1.04468
1.04391
1.04150
1.04069
1.04123
1.04159
1.04339
1.04584
1.04608
1.04386
1.04077
1.03903
1.03918
1.03915
1.03908
1.03989
1.04030
1.04018
1.04038
1.04247
1.04635
1.04791
1.04622
1.04535
1.04672
1.04835
1.04888
1.04823
1.04652
1.04380
1.04045
1.03878
1.04130
1.04613
1.04893
1.04807
1.04461
1.04123
1.04010
1.03996
1.03933
1.03940
1.04108
1.04403
1.04685
1.04688
1.04277
1.03765
1.03664
1.04062
1.04562
1.04696
1.04542
1.04600
1.04761
1.04512
1.03985
1.03631
1.03603
1.03717
1.03727
1.03733
1.03945
1.04232
1.04385
1.04357
1.04226
1.04208
1.04286
1.04180
1.04050
1.04169
1.04261
1.04153
1.04069
1.04054
1.04071
1.04226
1.04433
1.04459
1.04349
1.04258
1.04218
1.04195
1.04096
1.03949
1.03915
1.04056
1.04344
1.04551
1.04324
1.03870
1.03673
1.03708
1.03797
1.04004
1.04220
1.04249
1.04181
1.04182
1.04269
1.04258
1.04085
1.04003
1.04128
1.04224
1.04122
1.04031
1.04083
1.03955
1.03600
1.03505
1.03890
1.04316
1.04480
1.04432
1.04135
1.03861
1.03964
1.04174
1.04107
1.03881
1.03824
1.04056
1.04325
1.04247
1.03925
1.03736
1.03768
1.03838
1.03721
1.03548
1.03652
1.03887
1.03841
1.03562
1.03397
1.03472
1.03671
1.03882
1.04067
1.04233
1.04335
1.04294
1.04051
1.03697
1.03572
1.03808
1.04003
1.03878
1.03744
1.03798
1.03893
1.04114
1.04489
1.04690
1.04561
1.04337
1.04175
1.04096
1.04218
1.04433
1.04422
1.04139
1.03830
1.03689
1.03726
1.03714
1.03587
1.03599
1.03713
1.03640
1.03493
1.03584
1.03816
1.03894
1.03852
1.03861
1.03897
1.03895
1.03954
1.04118
1.04131
1.03918
1.03775
1.03704
1.03528
1.03469
1.03681
1.03854
1.03773
1.03545
1.03417
1.03554
1.03710
1.03710
1.03833
1.04095
1.04249
1.04287
1.04279
1.04276
1.04204
1.03991
1.03816
1.03705
1.03532
1.03426
1.03460
1.03566
1.03696
1.03705
1.03538
1.03430
1.03498
1.03621
1.03712
1.03704
1.03743
1.03936
1.03953
1.03769
1.03761
1.03903
1.03910
1.03750
1.03553
1.03406
1.03461
1.03630
1.03628
1.03587
1.03687
1.03764
1.03735
1.03593
1.03282
1.03057
1.03220
1.03597
1.03868
1.03952
1.03907
1.03764
1.03633
1.03679
1.03761
1.03697
1.03563
1.03380
1.03208
1.03166
1.03205
1.03275
1.03374
1.03436
1.03460
1.03552
1.03726
1.03904
1.03918
1.03596
1.03253
1.03320
1.03717
1.04076
1.04044
1.03672
1.03399
1.03363
1.03333
1.03200
1.03063
1.03058
1.03297
1.03654
1.03754
1.03573
1.03402
1.03366
1.03377
1.03278
1.03129
1.03208
1.03547
1.03798
1.03789
1.03733
1.03719
1.03649
1.03540
1.03375
1.03130
1.03042
1.03209
1.03356
1.03367
1.03296
1.03239
1.03266
1.03293
1.03269
1.03234
1.03208
1.03178
1.03188
1.03361
1.03617
1.03768
1.03820
1.03840
1.03766
1.03536
1.03356
1.03471
1.03707
1.03727
1.03572
1.03447
1.03254
1.03038
1.02993
1.03022
1.03111
1.03379
1.03653
1.03763
1.03767
1.03702
1.03641
1.03689
1.03714
1.03652
1.03660
1.03750
1.03818
1.03734
1.03441
1.03168
1.03158
1.03285
1.03271
1.03156
1.03140
1.03167
1.03138
1.03124
1.03173
1.03257
1.03304
1.03257
1.03168
1.03081
1.03054
1.03177
1.03357
1.03448
1.03460
1.03413
1.03304
1.03211
1.03164
1.03052
1.02960
1.03141
1.03500
1.03673
1.03511
1.03183
1.02999
1.03143
1.03386
1.03422
1.03425
1.03569
1.03682
1.03665
1.03481
1.03162
1.02943
1.02971
1.03112
1.03157
1.03146
1.03186
1.03173
1.03087
1.03075
1.03258
1.03489
1.03513
1.03484
1.03608
1.03740
1.03764
1.03714
1.03602
1.03439
1.03313
1.03244
1.03135
1.03067
1.03145
1.03190
1.03150
1.03194
1.03342
1.03454
1.03498
1.03561
1.03545
1.03366
1.03205
1.03133
1.03092
1.03120
1.03226
1.03341
1.03402
1.03353
1.03263
1.03423
1.03791
1.03866
1.03636
1.03514
1.03552
1.03581
1.03508
1.03357
1.03301
1.03408
1.03496
1.03466
1.03418
1.03374
1.03303
1.03309
1.03409
1.03422
1.03322
1.03188
1.03053
1.03049
1.03168
1.03187
1.03097
1.03105
1.03301
1.03522
1.03543
1.03421
1.03376
1.03360
1.03242
1.03152
1.03229
1.03407
1.03497
1.03423
1.03382
1.03589
1.03855
1.03790
1.03475
1.03227
1.03099
1.03133
1.03332
1.03507
1.03484
1.03270
1.03118
1.03214
1.03397
1.03482
1.03490
1.03521
1.03596
1.03619
1.03527
1.03340
1.03244
1.03371
1.03461
1.03331
1.03175
1.03110
1.03128
1.03235
1.03320
1.03288
1.03218
1.03219
1.03295
1.03393
1.03453
1.03407
1.03341
1.03390
1.03431
1.03369
1.03302
1.03246
1.03215
1.03267
1.03323
1.03310
1.03290
1.03261
1.03185
1.03130
1.03097
1.03031
1.03031
1.03145
1.03172
1.03045
1.03017
1.03172
1.03268
1.03136
1.02924
1.02910
1.03074
1.03113
1.02970
1.02933
1.03078
1.03191
1.03199
1.03132
1.03016
1.02977
1.03025
1.03103
1.03281
1.03420
1.03336
1.03264
1.03398
1.03485
1.03355
1.03243
1.03287
1.03354
1.03356
1.03280
1.03125
1.02988
1.03016
1.03137
1.03215
1.03252
1.03200
1.03073
1.03023
1.03084
1.03180
1.03226
1.03168
1.03092
1.03174
1.03368
1.03401
1.03188
1.03002
1.03047
1.03138
1.03136
1.03177
1.03273
1.03318
1.03267
1.03161
1.03115
1.03162
1.03244
1.03309
1.03356
1.03453
1.03591
1.03636
1.03558
1.03448
1.03347
1.03297
1.03365
1.03451
1.03439
1.03451
1.03463
1.03329
1.03188
1.03190
1.03251
1.03250
1.03174
1.03032
1.02897
1.02899
1.02902
1.02792
1.02817
1.03022
1.03136
1.03119
1.03153
1.03186
1.03063
1.02903
1.02878
1.02980
1.03095
1.03117
1.03068
1.03047
1.03074
1.03054
1.02963
1.02937
1.03031
1.03101
1.03007
1.02914
1.03031
1.03192
1.03239
1.03199
1.03023
1.02805
1.02786
1.02930
1.02994
1.02998
1.03081
1.03144
1.03133
1.03103
1.02985
1.02842
1.02885
1.03094
1.03239
1.03159
1.02939
1.02850
1.02987
1.03084
1.02953
1.02795
1.02785
1.02813
1.02844
1.02972
1.03096
1.03056
1.02948
1.02940
1.03025
1.03105
1.03119
1.03110
1.03132
1.03132
1.03139
1.03182
1.03145
1.03084
1.03108
1.03077
1.02955
1.02923
1.03012
1.03068
1.02968
1.02829
1.02854
1.02958
1.02965
1.02932
1.02946
1.03003
1.03060
1.03014
1.02829
1.02669
1.02683
1.02853
1.03061
1.03142
1.03110
1.03114
1.03100
1.02963
1.02809
1.02769
1.02859
1.02990
1.03047
1.03060
1.03081
1.03066
1.03038
1.03047
1.03087
1.03145
1.03136
1.03000
1.02843
1.02789
1.02834
1.02916
1.02995
1.03005
1.02882
1.02750
1.02769
1.02886
1.02970
1.02948
1.02853
1.02754
1.02668
1.02687
1.02829
1.02935
1.02921
1.02813
1.02783
1.02942
1.03084
1.03075
1.03046
1.03056
1.03011
1.02854
1.02663
1.02571
1.02580
1.02601
1.02634
1.02707
1.02817
1.02925
1.02972
1.02972
1.02901
1.02729
1.02606
1.02592
1.02579
1.02620
1.02791
1.02890
1.02787
1.02684
1.02695
1.02757
1.02849
1.02922
1.02896
1.02811
1.02828
1.02956
1.03023
1.03004
1.02958
1.02865
1.02797
1.02825
1.02838
1.02779
1.02727
1.02717
1.02725
1.02715
1.02727
1.02813
1.02877
1.02841
1.02769
1.02724
1.02660
1.02570
1.02603
1.02791
1.02907
1.02839
1.02773
1.02817
1.02870
1.02866
1.02814
1.02739
1.02679
1.02677
1.02763
1.02905
1.02974
1.02913
1.02819
1.02829
1.02969
1.03073
1.03011
1.02870
1.02775
1.02751
1.02756
1.02765
1.02761
1.02759
1.02789
1.02783
1.02708
1.02684
1.02760
1.02847
1.02896
1.02885
1.02795
1.02675
1.02616
1.02687
1.02813
1.02824
1.02731
1.02670
1.02753
1.02968
1.03143
1.03165
1.03051
1.02896
