function [ TrkoeItom1 ] = TrkoItom1()
Tk = [0.8545300	0.8249800	0.8149300	0.8287800	0.8440700	0.8437200	0.8308700	0.8190400	0.8167400	0.8176000	0.8222200	0.8292700	0.8230800	0.8160400	0.8304300	0.8520100	0.8527200	0.8412000	0.8430400	0.8513600	0.8604600	0.8775100	0.8872500	0.8801000	0.8643700	0.8513100	0.8574100	0.8802500	0.8810400	0.8506000	0.8288000	0.8293000	0.8415200	0.8548200	0.8540300	0.8431800	0.8398500	0.8443200	0.8376900	0.8166100	0.8091400	0.8281200	0.8531900	0.8657500	0.8588000	0.8387900	0.8216600	0.8141700	0.8223400	0.8429000	0.8537500	0.8515200	0.8449200	0.8301600	0.8070600	0.7909900	0.7920200	0.7943600	0.7878800	0.7877400	0.7986900	0.8059100	0.7977000	0.7823000	0.7923700	0.8236100	0.8200500	0.7852300	0.7742100	0.7940800	0.8109300	0.8034800	0.7885600	0.7935600	0.8049800	0.7961000	0.7928700	0.8102700	0.8114800	0.7853900	0.7646200	0.7804300	0.8197900	0.8316600	0.8062300	0.7912300	0.7934600	0.7748900	0.7514800	0.7486800	0.7551400	0.7789800	0.8073000	0.8027100	0.7826300	0.7837700	0.7979600	0.7881200	0.7733700	0.7982300	0.8387600	0.8436400	0.8111700	0.7768600	0.7754600	0.8015800	0.8107800	0.7913100	0.7847500	0.8118700	0.8342700	0.8156700	0.7815100	0.7587500	0.7490200	0.7521500	0.7814800	0.8543300	0.9140600	0.8966700	0.8445800	0.8201900	0.8327900	0.8671100	0.8991900	0.9076800	0.8845200	0.8527700	0.8309400	0.8191900	0.8250700	0.8467300	0.8686700	0.8831200	0.8890800	0.8702400	0.8453800	0.8722000	0.9431800	0.9923100	1.0106000	1.0164500	0.9960300	0.9544900	0.9174300	0.9074300	0.9149900	0.9028500	0.8852700	0.9079300	0.9528400	0.9622100	0.9356900	0.9151900	0.9316900	0.9766800	0.9875000	0.9482400	0.9208600	0.9189800	0.9070400	0.8859800	0.8865200	0.9094700	0.9247000	0.9258500	0.9404500	0.9702500	0.9770600	0.9532400	0.9359500	0.9425800	0.9544800	0.9519800	0.9361300	0.9202000	0.9103800	0.8979200	0.8952500	0.9135100	0.9224200	0.9192000	0.9273800	0.9331300	0.9186800	0.8941200	0.8811700	0.8914000	0.9098300	0.9194400	0.9228100	0.9187600	0.9066600	0.9001400	0.9030000	0.9029300	0.9017800	0.9079800	0.9192300	0.9305900	0.9277600	0.9123500	0.9063500	0.9106100	0.9148900	0.9178100	0.9250600	0.9363000	0.9371600	0.9271800	0.9241200	0.9316800	0.9337000	0.9209900	0.9105100	0.9181800	0.9311600	0.9308200	0.9201600	0.9132900	0.9156800	0.9200200	0.9173500	0.9109800	0.9080200	0.9077800	0.9079200	0.9097800	0.9104100	0.9106100	0.9166700	0.9185300	0.9073100	0.8971100	0.8977900	0.9014000	0.9000100	0.8951600	0.8931100	0.8983600	0.9082400	0.9154600	0.9138400	0.9021500	0.8884700	0.8838500	0.8912300	0.9040600	0.9086900	0.8997300	0.8923300	0.8994200	0.9096800	0.9079300	0.8996700	0.8947900	0.8944600	0.9007000	0.9087400	0.9084600	0.9030500	0.8998700	0.9013200	0.9057200	0.9054300	0.9001300	0.8982300	0.8992300	0.8982100	0.8961100	0.8928800	0.8911400	0.8974500	0.9032000	0.8987800	0.8927200	0.8917300	0.8928800	0.8943700	0.8981000	0.9047300	0.9106200	0.9107800	0.9045200	0.8992700	0.8982800	0.8977700	0.8977300	0.8976700	0.8956100	0.8932200	0.8942200	0.9000100	0.9034600	0.8982900	0.8900400	0.8861400	0.8863800	0.8885400	0.8920700	0.8947000	0.8958300	0.8979300	0.9012000	0.9046800	0.9066400	0.9034300	0.8962800	0.8914000	0.8924400	0.8977000	0.9017100	0.9003200	0.8956600	0.8929300	0.8923100	0.8892400	0.8858100	0.8869400	0.8889300	0.8893200	0.8926300	0.8986000	0.9032100	0.9044200	0.9037500	0.9049900	0.9041400	0.8997700	0.8993500	0.9015900	0.9013800	0.9000100	0.8964500	0.8898700	0.8847700	0.8856000	0.8914600	0.8950600	0.8933000	0.8936300	0.8992900	0.9043100	0.9049900	0.9035400	0.9018500	0.8991100	0.8975700	0.8984700	0.8990400	0.9000000	0.9015500	0.9015300	0.9000300	0.8981300	0.8984300	0.9013700	0.9023900	0.8996200	0.8976400	0.8975500	0.8948300	0.8913400	0.8924700	0.8952000	0.8942900	0.8936600	0.8983000	0.9002000	0.8950200	0.8933000	0.8971600	0.8978600	0.8928000	0.8877200	0.8870300	0.8869700	0.8866500	0.8897000	0.8935300	0.8956500	0.8972700	0.8970100	0.8952300	0.8950100	0.8957100	0.8962700	0.8964600	0.8943500	0.8922800	0.8949400	0.9004100	0.9034900	0.9031700	0.9001700	0.8942700	0.8890800	0.8880500	0.8887800	0.8882900	0.8869000	0.8877600	0.8925800	0.8971800	0.8965600	0.8927100	0.8922200	0.8962000	0.8982400	0.8950700	0.8908100	0.8888700	0.8899200	0.8929200	0.8945100	0.8952800	0.8980900	0.8995900	0.8971100	0.8941600	0.8922400	0.8900100	0.8892600	0.8917600	0.8936100	0.8907200	0.8866900	0.8858100	0.8872300	0.8897700	0.8918200	0.8925400	0.8938900	0.8941600	0.8903300	0.8873100	0.8901000	0.8943100	0.8961500	0.8960000	0.8934400	0.8908000	0.8900500	0.8907400	0.8928400	0.8938800	0.8930300	0.8929100	0.8932300	0.8922900	0.8913700	0.8921800	0.8928500	0.8913900	0.8887400	0.8866300	0.8872000	0.8911400	0.8954100	0.8966700	0.8949700	0.8928600	0.8927700	0.8935600	0.8930200	0.8924600	0.8925700	0.8929200	0.8939400	0.8953600	0.8974600	0.8987900	0.8959400	0.8909400	0.8901100	0.8944100	0.8982700	0.8988800	0.8982600	0.8970100	0.8949500	0.8942500	0.8951500	0.8945300	0.8932700	0.8937800	0.8935900	0.8921100	0.8916600	0.8919100	0.8921900	0.8922400	0.8924200	0.8928500	0.8914000	0.8892600	0.8903300	0.8931700	0.8937300	0.8929500	0.8931600	0.8922600	0.8885600	0.8856200	0.8859900	0.8875500	0.8887400	0.8904800	0.8930200	0.8944000	0.8927900	0.8898800	0.8896300	0.8931200	0.8974000	0.8986800	0.8959000	0.8928000	0.8925500	0.8929500	0.8920700	0.8913300	0.8921000	0.8935600	0.8931300	0.8911400	0.8913000	0.8936200	0.8948600	0.8948200	0.8947300	0.8944400	0.8945900	0.8954100	0.8955600	0.8949700	0.8944000	0.8929300	0.8895000	0.8868500	0.8882900	0.8926300	0.8962200	0.8968400	0.8945700	0.8915500	0.8905000	0.8916800	0.8931900	0.8938600	0.8932900	0.8924400	0.8926400	0.8934800	0.8941200	0.8940000	0.8940100	0.8948600	0.8957300	0.8960100	0.8947600	0.8930400	0.8937500	0.8955700	0.8948400	0.8934000	0.8944500	0.8955400	0.8945000	0.8928200	0.8915400	0.8910200	0.8911900	0.8920300	0.8940900	0.8962800	0.8966600	0.8954500	0.8939800	0.8936000	0.8950500	0.8962300	0.8949100	0.8927000	0.8929700	0.8956000	0.8968900	0.8962000	0.8958900	0.8964500	0.8971900	0.8973100	0.8965900	0.8954300	0.8940100	0.8931600	0.8933800	0.8938200	0.8946900	0.8966600	0.8972200	0.8944500	0.8917000	0.8910800	0.8906100	0.8901400	0.8913500	0.8939700	0.8961700	0.8963200	0.8951000	0.8943200	0.8934300	0.8920400	0.8919500	0.8945100	0.8989800	0.9020700	0.9014400	0.8990700	0.8978200	0.8974900	0.8967300	0.8960700	0.8956000	0.8947600	0.8944700	0.8947500	0.8943400	0.8936100	0.8933100	0.8929300	0.8934800	0.8957900	0.8975800	0.8976800	0.8972800	0.8961300	0.8937100	0.8925400	0.8948400	0.8978700	0.8979500	0.8962200	0.8957000	0.8965400	0.8973700	0.8973300	0.8960500	0.8953900	0.8974800	0.9012700	0.9024600	0.8989000	0.8949500	0.8941700	0.8959700	0.8983900	0.8992500	0.8996000	0.8999800	0.8981400	0.8956000	0.8952100	0.8969800	0.8992400	0.9000200	0.9005000	0.9019000	0.9024800	0.9018200	0.9002000	0.8981200	0.8966400	0.8949400	0.8928500	0.8922900	0.8938800	0.8961200	0.8971000	0.8968300	0.8972800	0.8983300	0.8983700	0.8986900	0.8992700	0.8976900	0.8959400	0.8960200	0.8959900	0.8959500	0.8970700	0.8973900	0.8961400	0.8952200	0.8951900	0.8957500	0.8960200	0.8949900	0.8943600	0.8964800	0.9007000	0.9040100	0.9040400	0.9012300	0.8981100	0.8972400	0.8984200	0.8986500	0.8979000	0.8978000	0.8975600	0.8971200	0.8969600	0.8968300	0.8976100	0.8993100	0.8993100	0.8965700	0.8941500	0.8946000	0.8971300	0.8994500	0.9000400	0.8987100	0.8965900	0.8959000	0.8969400	0.8978600	0.8978500	0.8971200	0.8960000	0.8946700	0.8932300	0.8925900	0.8937500	0.8958600	0.8965600	0.8961000	0.8969400	0.8984300	0.8980900	0.8968700	0.8964700	0.8969500	0.8986500	0.8997800	0.8984200	0.8963700	0.8951800	0.8950600	0.8960300	0.8969900	0.8972700	0.8969400	0.8964300	0.8966900	0.8970900	0.8962400	0.8949700	0.8946100	0.8949300	0.8953200	0.8953800	0.8955700	0.8965800	0.8975800	0.8975300	0.8972200	0.8972100	0.8971400	0.8971500	0.8978400	0.8992500	0.8998900	0.8995900	0.9001800	0.9007600	0.8997400	0.8984600	0.8981100	0.8981000	0.8976700	0.8973100	0.8981200	0.8986900	0.8974800	0.8965700	0.8969900	0.8978100	0.8992600	0.9007600	0.9008900	0.8998600	0.8993800	