function [ Trkoe ] = TrkoVer5551()
Tk = [
0.94620
0.94591
0.94629
0.94637
0.94271
0.93916
0.93982
0.94109
0.94068
0.94129
0.94238
0.94124
0.93935
0.93832
0.93809
0.93852
0.93816
0.93724
0.93857
0.94292
0.94695
0.94784
0.94773
0.94821
0.94763
0.94511
0.94234
0.94228
0.94336
0.94165
0.93879
0.93770
0.93813
0.93949
0.94161
0.94365
0.94404
0.94294
0.94267
0.94398
0.94542
0.94650
0.94697
0.94566
0.94384
0.94398
0.94438
0.94225
0.94067
0.94291
0.94485
0.94337
0.94173
0.94184
0.94202
0.94144
0.94114
0.94184
0.94153
0.93914
0.93805
0.93948
0.93995
0.94002
0.94223
0.94356
0.94236
0.94133
0.94250
0.94590
0.94763
0.94489
0.94168
0.94199
0.94459
0.94549
0.94310
0.94050
0.93990
0.93978
0.93909
0.93909
0.94114
0.94442
0.94643
0.94594
0.94496
0.94530
0.94477
0.94223
0.94025
0.94034
0.94233
0.94497
0.94584
0.94345
0.93939
0.93877
0.94373
0.94932
0.95090
0.95027
0.94963
0.94741
0.94370
0.94071
0.93903
0.93907
0.94005
0.93970
0.93872
0.94002
0.94265
0.94428
0.94540
0.94628
0.94766
0.94886
0.94609
0.94140
0.94058
0.94188
0.94188
0.94212
0.94244
0.94161
0.94125
0.94292
0.94577
0.94693
0.94555
0.94345
0.94200
0.94145
0.94125
0.94159
0.94333
0.94443
0.94263
0.93977
0.93862
0.93849
0.93806
0.93803
0.93995
0.94383
0.94615
0.94462
0.94332
0.94563
0.94799
0.94693
0.94465
0.94505
0.94649
0.94480
0.94236
0.94280
0.94391
0.94307
0.94068
0.93902
0.93871
0.93767
0.93609
0.93591
0.93749
0.94151
0.94648
0.94779
0.94534
0.94346
0.94380
0.94524
0.94615
0.94513
0.94251
0.94075
0.94188
0.94377
0.94448
0.94552
0.94670
0.94563
0.94313
0.94185
0.94227
0.94322
0.94367
0.94332
0.94307
0.94367
0.94477
0.94474
0.94199
0.93929
0.94010
0.94146
0.93993
0.93917
0.94233
0.94561
0.94628
0.94542
0.94391
0.94216
0.94138
0.94175
0.94206
0.94126
0.93860
0.93582
0.93659
0.94007
0.94260
0.94361
0.94312
0.94168
0.94180
0.94316
0.94298
0.94211
0.94250
0.94237
0.94041
0.93938
0.94106
0.94363
0.94511
0.94574
0.94650
0.94629
0.94414
0.94270
0.94375
0.94406
0.94250
0.94266
0.94342
0.94128
0.93973
0.94208
0.94472
0.94428
0.94253
0.94337
0.94758
0.95128
0.95087
0.94786
0.94562
0.94484
0.94514
0.94629
0.94673
0.94549
0.94424
0.94458
0.94605
0.94655
0.94510
0.94370
0.94381
0.94386
0.94241
0.94113
0.94203
0.94423
0.94596
0.94660
0.94778
0.94954
0.94970
0.94813
0.94543
0.94183
0.93930
0.94049
0.94397
0.94577
0.94598
0.94626
0.94629
0.94591
0.94478
0.94270
0.94127
0.94154
0.94259
0.94361
0.94531
0.94756
0.94808
0.94652
0.94578
0.94653
0.94650
0.94576
0.94594
0.94644
0.94545
0.94350
0.94259
0.94247
0.94198
0.94246
0.94489
0.94736
0.94803
0.94686
0.94481
0.94381
0.94532
0.94780
0.94851
0.94709
0.94443
0.94160
0.94006
0.93981
0.94033
0.94120
0.94146
0.94131
0.94197
0.94333
0.94395
0.94297
0.94166
0.94222
0.94418
0.94562
0.94697
0.94879
0.94953
0.94874
0.94812
0.94792
0.94656
0.94441
0.94324
0.94303
0.94333
0.94410
0.94452
0.94434
0.94379
0.94320
0.94249
0.94129
0.94166
0.94373
0.94376
0.94260
0.94400
0.94715
0.94880
0.94882
0.94926
0.94991
0.94900
0.94706
0.94631
0.94679
0.94700
0.94652
0.94620
0.94698
0.94775
0.94732
0.94645
0.94526
0.94393
0.94412
0.94590
0.94796
0.94925
0.94852
0.94748
0.94827
0.94839
0.94652
0.94554
0.94674
0.94821
0.94785
0.94685
0.94767
0.94950
0.95013
0.94880
0.94655
0.94471
0.94279
0.94102
0.94158
0.94419
0.94644
0.94719
0.94611
0.94414
0.94311
0.94398
0.94599
0.94761
0.94828
0.94779
0.94572
0.94355
0.94396
0.94685
0.94925
0.94952
0.94956
0.95059
0.95092
0.94968
0.94770
0.94689
0.94888
0.95099
0.94958
0.94736
0.94793
0.94911
0.94894
0.94837
0.94738
0.94633
0.94638
0.94706
0.94740
0.94735
0.94691
0.94648
0.94675
0.94749
0.94866
0.94966
0.94950
0.94932
0.94975
0.94974
0.94924
0.94813
0.94657
0.94600
0.94624
0.94621
0.94645
0.94747
0.94858
0.94873
0.94831
0.94827
0.94799
0.94744
0.94851
0.95091
0.95184
0.95142
0.95069
0.94862
0.94686
0.94791
0.94977
0.94961
0.94882
0.94945
0.95055
0.95120
0.95156
0.95133
0.95057
0.95024
0.95099
0.95160
0.95074
0.95002
0.95141
0.95314
0.95263
0.95081
0.94942
0.94882
0.94960
0.95131
0.95225
0.95183
0.95046
0.94850
0.94731
0.94844
0.95063
0.95142
0.95098
0.95090
0.95153
0.95204
0.95189
0.95168
0.95158
0.95112
0.95083
0.95103
0.95128
0.95150
0.95190
0.95296
0.95421
0.95444
0.95381
0.95347
0.95332
0.95235
0.95080
0.94967
0.94965
0.95110
0.95225
0.95076
0.94886
0.94991
0.95211
0.95281
0.95291
0.95342
0.95338
0.95241
0.95186
0.95210
0.95199
0.95099
0.95001
0.94969
0.94914
0.94845
0.94914
0.95123
0.95260
0.95213
0.95189
0.95313
0.95413
0.95375
0.95251
0.95128
0.95111
0.95194
0.95190
0.95081
0.95036
0.95063
0.95079
0.95076
0.95091
0.95085
0.95032
0.95059
0.95189
0.95261
0.95214
0.95182
0.95257
0.95336
0.95314
0.95252
0.95251
0.95276
0.95232
0.95074
0.94921
0.95010
0.95234
0.95251
0.95093
0.95035
0.95096
0.95139
0.95125
0.95027
0.94935
0.95076
0.95348
0.95450
0.95422
0.95425
0.95440
0.95439
0.95480
0.95525
0.95452
0.95359
0.95323
0.95265
0.95288
0.95378
0.95355
0.95294
0.95266
0.95194
0.95138
0.95181
0.95160
0.95043
0.95115
0.95375
0.95499
0.95400
0.95239
0.95161
0.95200
0.95270
0.95286
0.95209
0.95075
0.95053
0.95199
0.95302
0.95266
0.95214
0.95224
0.95283
0.95371
0.95441
0.95434
0.95380
0.95364
0.95412
0.95504
0.95614
0.95701
0.95729
0.95693
0.95604
0.95535
0.95490
0.95404
0.95433
0.95673
0.95846
0.95723
0.95439
0.95274
0.95254
0.95218
0.95259
0.95472
0.95604
0.95525
0.95369
0.95198
0.95069
0.95051
0.95110
0.95224
0.95401
0.95512
0.95451
0.95352
0.95305
0.95287
0.95276
0.95254
0.95281
0.95369
0.95471
0.95608
0.95695
0.95650
0.95591
0.95587
0.95551
0.95458
0.95368
0.95335
0.95404
0.95477
0.95389
0.95240
0.95197
0.95196
0.95201
0.95310
0.95491
0.95587
0.95570
0.95515
0.95429
0.95370
0.95440
0.95561
0.95582
0.95503
0.95449
0.95521
0.95660
0.95703
0.95577
0.95375
0.95257
0.95294
0.95430
0.95554
0.95514
0.95342
0.95265
0.95287
0.95333
0.95426
0.95465
0.95437
0.95511
0.95694
0.95830
0.95815
0.95649
0.95473
0.95403
0.95353
0.95279
0.95330
0.95522
0.95610
0.95451
0.95279
0.95323
0.95406
0.95324
0.95211
0.95232
0.95362
0.95482
0.95465
0.95342
0.95282
0.95342
0.95469
0.95634
0.95728
0.95652
0.95591
0.95662
0.95658
0.95518
0.95458
0.95542
0.95623
0.95604
0.95526
0.95494
0.95527
0.95575
0.95620
0.95616
0.95632
0.95707
0.95647
0.95467
0.95389
0.95453
0.95569
0.95630
0.95572
0.95472
0.95464
0.95547
0.95656
0.95743
0.95723
0.95638
0.95599
0.95589
0.95600
0.95595
0.95513
0.95473
0.95523
0.95595
0.95739
0.95934
0.96014
0.95880
0.95655
0.95546
0.95558
0.95574
0.95563
0.95562
0.95582
0.95556
0.95508
0.95554
0.95637
0.95635
0.95584
0.95540
0.95483
0.95418
0.95347
0.95290
0.95327
0.95460
0.95486
0.95331
0.95246
0.95397
0.95645
0.95752
0.95682
0.95598
0.95569
0.95604
0.95698
0.95771
0.95768
0.95683
0.95538
0.95468
0.95565
0.95668
0.95619
0.95508
0.95490
0.95567
0.95653
0.95731
0.95783
0.95766
0.95677
0.95526
0.95423
0.95466
0.95499
0.95511
0.95671
0.95779
0.95595
0.95355
0.95338
0.95474
0.95572
0.95580
0.95538
0.95487
0.95495
0.95618
0.95717
0.95630
0.95512
0.95585
0.95774
0.95902
0.95906
0.95804
0.95678
0.95602
0.95604
0.95629
0.95603
0.95590
0.95666
0.95745
0.95718
0.95634
0.95605
0.95604
0.95585
0.95644
0.95756
0.95752
0.95682
0.95713
0.95853
0.96004
0.95989
0.95788
0.95632
0.95665
0.95797
0.95869
0.95846
0.95796
0.95727
