function [ Trkoe ] = TrkoVer5443()
Tk = [
0.92839
0.92840
0.92872
0.92768
0.92426
0.92204
0.92350
0.92661
0.92935
0.93151
0.93232
0.93101
0.92896
0.92671
0.92452
0.92350
0.92265
0.92082
0.91943
0.92055
0.92354
0.92550
0.92643
0.92765
0.92756
0.92565
0.92549
0.92859
0.93051
0.92888
0.92704
0.92601
0.92372
0.92155
0.92305
0.92768
0.93077
0.93058
0.92973
0.92949
0.92898
0.92842
0.92820
0.92738
0.92572
0.92370
0.92249
0.92334
0.92607
0.92947
0.92999
0.92666
0.92465
0.92524
0.92602
0.92740
0.92863
0.92774
0.92519
0.92248
0.92046
0.91918
0.91857
0.91891
0.91927
0.91879
0.91906
0.92116
0.92425
0.92650
0.92558
0.92250
0.92111
0.92280
0.92672
0.93069
0.93147
0.92876
0.92572
0.92398
0.92356
0.92501
0.92873
0.93254
0.93201
0.92656
0.92168
0.92112
0.92169
0.92051
0.91967
0.92107
0.92399
0.92626
0.92606
0.92313
0.91970
0.92033
0.92597
0.93138
0.93151
0.92761
0.92501
0.92491
0.92451
0.92299
0.92070
0.91893
0.91914
0.92099
0.92407
0.92686
0.92696
0.92538
0.92405
0.92289
0.92283
0.92440
0.92476
0.92314
0.92273
0.92317
0.92281
0.92428
0.92803
0.93080
0.93047
0.92768
0.92627
0.92696
0.92592
0.92274
0.92018
0.91886
0.91802
0.91904
0.92280
0.92562
0.92437
0.92033
0.91643
0.91494
0.91688
0.92064
0.92357
0.92490
0.92326
0.91798
0.91511
0.92047
0.92869
0.93190
0.93073
0.93038
0.93054
0.92739
0.92311
0.92171
0.92140
0.91928
0.91830
0.92322
0.92924
0.92822
0.92361
0.92470
0.92962
0.93114
0.92816
0.92330
0.91979
0.91977
0.92231
0.92437
0.92325
0.91898
0.91406
0.91373
0.91977
0.92358
0.92090
0.91868
0.92113
0.92298
0.92147
0.91950
0.91824
0.91769
0.91882
0.92246
0.92703
0.92878
0.92707
0.92413
0.92196
0.92212
0.92402
0.92377
0.91948
0.91717
0.92123
0.92596
0.92830
0.93001
0.92986
0.92730
0.92630
0.92832
0.92956
0.92857
0.92669
0.92467
0.92499
0.92793
0.92861
0.92584
0.92244
0.91995
0.91907
0.91949
0.91973
0.92021
0.92129
0.92174
0.92163
0.92199
0.92328
0.92508
0.92617
0.92643
0.92666
0.92593
0.92371
0.92238
0.92293
0.92312
0.92242
0.92293
0.92470
0.92544
0.92445
0.92347
0.92365
0.92312
0.92109
0.92131
0.92579
0.93141
0.93434
0.93382
0.93215
0.93020
0.92760
0.92508
0.92310
0.92278
0.92422
0.92466
0.92345
0.92257
0.92162
0.91938
0.91868
0.92054
0.92094
0.92134
0.92562
0.93021
0.93234
0.93171
0.92959
0.92922
0.93051
0.93036
0.92617
0.91886
0.91504
0.92029
0.92875
0.93088
0.92673
0.92293
0.92399
0.92850
0.92970
0.92540
0.92094
0.91954
0.92009
0.92311
0.92791
0.92999
0.92822
0.92611
0.92667
0.92831
0.92732
0.92459
0.92347
0.92433
0.92449
0.92275
0.92126
0.92046
0.91935
0.91977
0.92305
0.92689
0.92865
0.92792
0.92592
0.92473
0.92561
0.92778
0.92919
0.92834
0.92611
0.92466
0.92462
0.92457
0.92321
0.92152
0.92155
0.92350
0.92506
0.92439
0.92290
0.92159
0.92001
0.92008
0.92294
0.92625
0.92951
0.93255
0.93284
0.93120
0.93102
0.93128
0.92942
0.92667
0.92363
0.91939
0.91720
0.91934
0.92174
0.92292
0.92447
0.92489
0.92229
0.91864
0.91854
0.92273
0.92652
0.92714
0.92668
0.92766
0.92933
0.92963
0.92807
0.92621
0.92527
0.92493
0.92555
0.92742
0.92883
0.92771
0.92547
0.92557
0.92577
0.92344
0.92127
0.92063
0.92209
0.92727
0.93309
0.93472
0.93294
0.93179
0.93341
0.93626
0.93601
0.93193
0.92839
0.92738
0.92751
0.92736
0.92645
0.92586
0.92641
0.92714
0.92723
0.92734
0.92752
0.92506
0.91973
0.91818
0.92360
0.92869
0.92866
0.92649
0.92573
0.92571
0.92468
0.92386
0.92490
0.92689
0.92792
0.92782
0.92831
0.92936
0.92907
0.92752
0.92659
0.92749
0.92930
0.92924
0.92684
0.92478
0.92562
0.92955
0.93311
0.93360
0.93310
0.93385
0.93468
0.93363
0.93070
0.92781
0.92632
0.92657
0.92820
0.92939
0.92920
0.92876
0.92890
0.92921
0.92945
0.93051
0.93144
0.93071
0.93056
0.93219
0.93280
0.93152
0.92962
0.92775
0.92681
0.92684
0.92672
0.92669
0.92730
0.92847
0.93045
0.93176
0.93089
0.93012
0.93117
0.93258
0.93336
0.93318
0.93230
0.93156
0.93058
0.92927
0.92943
0.93159
0.93311
0.93268
0.93277
0.93422
0.93523
0.93518
0.93408
0.93244
0.93254
0.93451
0.93493
0.93267
0.93048
0.93025
0.93108
0.93152
0.93135
0.93066
0.93019
0.93144
0.93384
0.93490
0.93357
0.93124
0.93003
0.92997
0.93001
0.93086
0.93279
0.93408
0.93468
0.93542
0.93516
0.93374
0.93281
0.93306
0.93393
0.93448
0.93421
0.93350
0.93292
0.93308
0.93435
0.93609
0.93761
0.93864
0.93826
0.93627
0.93404
0.93270
0.93270
0.93320
0.93329
0.93317
0.93274
0.93218
0.93255
0.93378
0.93448
0.93511
0.93721
0.93885
0.93758
0.93485
0.93290
0.93301
0.93520
0.93691
0.93596
0.93378
0.93240
0.93226
0.93311
0.93385
0.93399
0.93465
0.93575
0.93605
0.93618
0.93674
0.93644
0.93592
0.93667
0.93645
0.93417
0.93273
0.93353
0.93461
0.93447
0.93423
0.93494
0.93580
0.93581
0.93526
0.93552
0.93649
0.93666
0.93587
0.93530
0.93543
0.93562
0.93601
0.93687
0.93699
0.93553
0.93455
0.93615
0.93846
0.93882
0.93761
0.93645
0.93597
0.93545
0.93464
0.93443
0.93510
0.93620
0.93736
0.93858
0.93945
0.93924
0.93806
0.93647
0.93540
0.93544
0.93609
0.93733
0.93883
0.93928
0.93858
0.93763
0.93671
0.93595
0.93597
0.93659
0.93747
0.93832
0.93792
0.93702
0.93752
0.93866
0.93914
0.93866
0.93765
0.93730
0.93775
0.93823
0.93822
0.93758
0.93707
0.93731
0.93760
0.93706
0.93643
0.93687
0.93807
0.93904
0.93908
0.93825
0.93785
0.93879
0.94035
0.94173
0.94317
0.94426
0.94333
0.94073
0.93901
0.93892
0.93935
0.93976
0.93997
0.93975
0.93945
0.93979
0.94092
0.94212
0.94268
0.94218
0.94060
0.93881
0.93801
0.93864
0.93997
0.93993
0.93790
0.93643
0.93710
0.93869
0.94011
0.94087
0.93989
0.93790
0.93733
0.93811
0.93842
0.93806
0.93778
0.93794
0.93890
0.94040
0.94145
0.94136
0.94037
0.93949
0.93900
0.93814
0.93754
0.93846
0.93996
0.94081
0.94106
0.94007
0.93851
0.93818
0.93864
0.93894
0.93930
0.93990
0.94077
0.94170
0.94153
0.93979
0.93848
0.93895
0.94001
0.94050
0.94039
0.94021
0.94019
0.94006
0.94008
0.94064
0.94116
0.94057
0.93905
0.93844
0.93967
0.94030
0.93881
0.93740
0.93759
0.93917
0.94090
0.94085
0.93969
0.93969
0.94108
0.94216
0.94167
0.94029
0.93963
0.94017
0.94069
0.94075
0.94151
0.94267
0.94254
0.94084
0.93936
0.93941
0.93989
0.93970
0.93932
0.93915
0.93932
0.94007
0.94080
0.94086
0.94097
0.94178
0.94236
0.94208
0.94212
0.94351
0.94532
0.94559
0.94389
0.94252
0.94304
0.94393
0.94385
0.94341
0.94302
0.94240
0.94194
0.94213
0.94197
0.94145
0.94250
0.94422
0.94397
0.94252
0.94210
0.94232
0.94198
0.94209
0.94297
0.94273
0.94162
0.94108
0.94114
0.94155
0.94164
0.94150
0.94182
0.94197
0.94190
0.94216
0.94225
0.94186
0.94128
0.94141
0.94276
0.94343
0.94229
0.94069
0.93993
0.94065
0.94199
0.94247
0.94254
0.94321
0.94393
0.94373
0.94320
0.94365
0.94429
0.94397
0.94343
0.94328
0.94299
0.94237
0.94185
0.94163
0.94231
0.94393
0.94449
0.94306
0.94190
0.94246
0.94371
0.94445
0.94414
0.94314
0.94264
0.94266
0.94282
0.94355
0.94406
0.94338
0.94242
0.94237
0.94315
0.94349
0.94256
0.94130
0.94113
0.94221
0.94351
0.94432
0.94513
0.94557
0.94412
0.94180
0.94103
0.94166
0.94222
0.94280
0.94411
0.94533
0.94504
0.94387
0.94351
0.94398
0.94440
0.94418
0.94341
0.94332
0.94436
0.94529
0.94558
0.94591
0.94610
0.94586
0.94588
0.94639
0.94683
0.94674
0.94601
0.94509
0.94500
0.94605
0.94706
0.94688
0.94610
0.94591
0.94620
0.94633
0.94661
0.94673
0.94601
0.94550
0.94597
0.94622
0.94599
0.94637
0.94752
0.94807
0.94695
0.94554
0.94533
0.94572
0.94664
0.94837
0.94918
0.94802
0.94672
