function [ Trkoe ] = TrkoVer5442()
Tk = [
0.88403
0.88047
0.87825
0.88041
0.88145
0.87869
0.87760
0.88078
0.88445
0.88719
0.88910
0.88738
0.88186
0.87640
0.87494
0.87693
0.87764
0.87524
0.87243
0.87206
0.87371
0.87563
0.87826
0.88100
0.88161
0.88021
0.87896
0.87956
0.88097
0.88088
0.87896
0.87639
0.87508
0.87699
0.88141
0.88560
0.88744
0.88564
0.88182
0.87946
0.87918
0.87984
0.88067
0.88084
0.88057
0.88131
0.88231
0.88054
0.87741
0.87689
0.87724
0.87668
0.87721
0.87779
0.87738
0.87878
0.88132
0.88000
0.87533
0.87312
0.87423
0.87525
0.87582
0.87740
0.87886
0.87758
0.87504
0.87524
0.87785
0.87914
0.87776
0.87664
0.87770
0.87947
0.88124
0.88245
0.88277
0.88353
0.88353
0.88090
0.87861
0.88042
0.88522
0.88858
0.88802
0.88465
0.88142
0.88052
0.87990
0.87729
0.87472
0.87424
0.87564
0.87735
0.87743
0.87572
0.87440
0.87620
0.88049
0.88318
0.88181
0.87934
0.87937
0.87986
0.87859
0.87729
0.87553
0.87222
0.86974
0.86981
0.87177
0.87487
0.87759
0.87887
0.87975
0.88066
0.88179
0.88338
0.88303
0.88097
0.88119
0.88238
0.88149
0.88057
0.88144
0.88355
0.88486
0.88375
0.88235
0.88235
0.88213
0.88072
0.87893
0.87770
0.87714
0.87705
0.87751
0.87823
0.87869
0.87832
0.87729
0.87729
0.87793
0.87735
0.87755
0.87959
0.88058
0.88039
0.88120
0.88335
0.88549
0.88596
0.88529
0.88587
0.88699
0.88570
0.88260
0.88092
0.88011
0.87819
0.87791
0.88134
0.88438
0.88358
0.88073
0.87949
0.88059
0.88286
0.88358
0.88052
0.87682
0.87621
0.87821
0.88063
0.88116
0.87868
0.87482
0.87357
0.87556
0.87600
0.87429
0.87468
0.87779
0.87985
0.87992
0.87940
0.87791
0.87621
0.87689
0.87969
0.88238
0.88445
0.88525
0.88295
0.87889
0.87707
0.87812
0.87894
0.87759
0.87708
0.88054
0.88550
0.88892
0.89066
0.88990
0.88675
0.88576
0.88734
0.88720
0.88743
0.88961
0.88946
0.88581
0.88243
0.88106
0.88047
0.87855
0.87576
0.87507
0.87652
0.87728
0.87768
0.87956
0.88078
0.87887
0.87651
0.87738
0.88109
0.88465
0.88662
0.88689
0.88480
0.88195
0.88090
0.88086
0.87987
0.87792
0.87740
0.87964
0.88170
0.88122
0.88046
0.88120
0.88152
0.88054
0.88111
0.88463
0.88903
0.89185
0.89261
0.89199
0.88952
0.88599
0.88376
0.88200
0.87983
0.87882
0.87852
0.87864
0.88033
0.88157
0.88082
0.88095
0.88263
0.88275
0.88120
0.88130
0.88478
0.88893
0.88898
0.88651
0.88638
0.88793
0.88744
0.88349
0.87795
0.87449
0.87648
0.88227
0.88655
0.88732
0.88592
0.88453
0.88488
0.88522
0.88282
0.87932
0.87801
0.87917
0.88220
0.88657
0.88997
0.89033
0.88829
0.88671
0.88649
0.88598
0.88464
0.88323
0.88240
0.88203
0.88199
0.88265
0.88317
0.88221
0.88117
0.88284
0.88628
0.88784
0.88653
0.88337
0.88052
0.88090
0.88373
0.88564
0.88553
0.88453
0.88454
0.88554
0.88530
0.88329
0.88126
0.88114
0.88301
0.88471
0.88402
0.88166
0.88009
0.88001
0.88102
0.88233
0.88402
0.88751
0.89092
0.89104
0.88986
0.89054
0.89122
0.88938
0.88687
0.88497
0.88289
0.88233
0.88383
0.88425
0.88313
0.88238
0.88213
0.88110
0.87914
0.87871
0.88080
0.88272
0.88336
0.88426
0.88594
0.88700
0.88670
0.88597
0.88611
0.88649
0.88595
0.88527
0.88505
0.88521
0.88542
0.88522
0.88579
0.88661
0.88563
0.88359
0.88166
0.88079
0.88295
0.88715
0.89000
0.89017
0.88918
0.88925
0.89111
0.89269
0.89218
0.89039
0.88807
0.88602
0.88492
0.88429
0.88473
0.88632
0.88732
0.88720
0.88738
0.88753
0.88549
0.88271
0.88262
0.88450
0.88558
0.88575
0.88606
0.88614
0.88571
0.88604
0.88747
0.88834
0.88824
0.88833
0.88824
0.88743
0.88659
0.88554
0.88470
0.88632
0.89021
0.89274
0.89209
0.88938
0.88624
0.88475
0.88566
0.88691
0.88741
0.88896
0.89205
0.89372
0.89234
0.88965
0.88746
0.88647
0.88712
0.88896
0.88974
0.88816
0.88598
0.88484
0.88457
0.88549
0.88798
0.88993
0.89010
0.89001
0.88987
0.88918
0.88905
0.88969
0.88973
0.88902
0.88781
0.88587
0.88482
0.88579
0.88732
0.88867
0.88944
0.88907
0.88912
0.89032
0.89138
0.89249
0.89378
0.89374
0.89184
0.88875
0.88667
0.88787
0.89131
0.89404
0.89424
0.89237
0.89037
0.88961
0.88983
0.88985
0.89012
0.89152
0.89307
0.89338
0.89207
0.89028
0.89003
0.89165
0.89273
0.89200
0.89120
0.89104
0.89054
0.89013
0.89052
0.89084
0.89040
0.88918
0.88777
0.88795
0.89050
0.89333
0.89410
0.89332
0.89279
0.89253
0.89194
0.89137
0.89070
0.88947
0.88879
0.88967
0.89120
0.89231
0.89306
0.89441
0.89635
0.89750
0.89754
0.89656
0.89459
0.89274
0.89177
0.89175
0.89278
0.89388
0.89386
0.89294
0.89193
0.89153
0.89214
0.89351
0.89515
0.89687
0.89777
0.89708
0.89571
0.89414
0.89296
0.89339
0.89417
0.89358
0.89300
0.89296
0.89199
0.89076
0.89105
0.89249
0.89357
0.89427
0.89534
0.89598
0.89524
0.89338
0.89193
0.89250
0.89373
0.89395
0.89378
0.89333
0.89260
0.89300
0.89496
0.89683
0.89733
0.89635
0.89446
0.89309
0.89260
0.89205
0.89192
0.89298
0.89399
0.89394
0.89399
0.89426
0.89356
0.89258
0.89308
0.89514
0.89723
0.89770
0.89566
0.89295
0.89264
0.89422
0.89511
0.89422
0.89232
0.89156
0.89259
0.89414
0.89528
0.89558
0.89523
0.89477
0.89471
0.89525
0.89595
0.89638
0.89664
0.89713
0.89779
0.89766
0.89631
0.89498
0.89451
0.89420
0.89447
0.89570
0.89549
0.89358
0.89355
0.89607
0.89795
0.89776
0.89691
0.89626
0.89575
0.89559
0.89537
0.89449
0.89425
0.89583
0.89747
0.89728
0.89610
0.89598
0.89757
0.89901
0.89897
0.89829
0.89816
0.89889
0.89917
0.89810
0.89758
0.89868
0.89941
0.89879
0.89817
0.89801
0.89845
0.89960
0.90033
0.90019
0.90024
0.90066
0.90033
0.89928
0.89898
0.89891
0.89789
0.89722
0.89757
0.89779
0.89801
0.89807
0.89714
0.89648
0.89695
0.89784
0.89934
0.90098
0.90049
0.89822
0.89729
0.89777
0.89780
0.89755
0.89801
0.89894
0.89916
0.89881
0.89888
0.89894
0.89848
0.89815
0.89794
0.89728
0.89700
0.89792
0.89910
0.89996
0.90039
0.89910
0.89691
0.89678
0.89839
0.89947
0.89984
0.89972
0.89923
0.89962
0.90053
0.89990
0.89837
0.89803
0.89845
0.89810
0.89743
0.89804
0.89959
0.90047
0.90009
0.89904
0.89814
0.89755
0.89763
0.89896
0.90061
0.90063
0.89899
0.89781
0.89799
0.89882
0.89967
0.89995
0.89972
0.89994
0.90109
0.90235
0.90280
0.90281
0.90271
0.90173
0.90035
0.90034
0.90122
0.90163
0.90143
0.90026
0.89928
0.89957
0.89922
0.89795
0.89810
0.89936
0.89970
0.89945
0.89964
0.89972
0.89922
0.89843
0.89803
0.89870
0.89999
0.90095
0.90117
0.90065
0.90005
0.90056
0.90233
0.90355
0.90270
0.90077
0.89953
0.89917
0.89958
0.90086
0.90179
0.90162
0.90156
0.90164
0.90090
0.90019
0.90030
0.90066
0.90117
0.90195
0.90224
0.90146
0.90089
0.90146
0.90189
0.90100
0.89907
0.89765
0.89766
0.89849
0.89988
0.90086
0.90036
0.89992
0.90066
0.90145
0.90194
0.90255
0.90253
0.90127
0.89982
0.89956
0.90037
0.90141
0.90228
0.90251
0.90162
0.89998
0.89922
0.90003
0.90079
0.90085
0.90160
0.90312
0.90366
0.90290
0.90195
0.90137
0.90152
0.90252
0.90300
0.90165
0.90003
0.90056
0.90215
0.90229
0.90177
0.90214
0.90267
0.90292
0.90320
0.90331
0.90358
0.90387
0.90322
0.90239
0.90275
0.90338
0.90322
0.90301
0.90331
0.90346
0.90320
0.90315
0.90341
0.90301
0.90130
0.89952
0.89960
0.90076
0.90119
0.90158
0.90276
0.90334
0.90250
0.90180
0.90233
0.90310
0.90358
0.90376
0.90350
0.90362
0.90462
0.90543
0.90507
0.90375
0.90309
0.90407
0.90524
0.90520
0.90449
0.90395
0.90360
0.90345
0.90401
0.90507
0.90524
0.90392
0.90284
0.90355
0.90498
0.90549
0.90531
0.90531
0.90537
0.90518
0.90462
0.90381
0.90381
0.90497
0.90613
0.90639
0.90589
0.90565
0.90609
0.90665
0.90710
0.90717
0.90670
0.90582
0.90491
