function [ Trkoe ] = TrkoVer53102()
Tk = [
0.90990
0.91198
0.90727
0.89983
0.89562
0.89652
0.90187
0.90830
0.91074
0.90872
0.90698
0.90786
0.90867
0.90740
0.90496
0.90232
0.90070
0.90032
0.90056
0.90304
0.90658
0.90655
0.90412
0.90419
0.90558
0.90469
0.90398
0.90662
0.90866
0.90696
0.90514
0.90414
0.90234
0.90267
0.90672
0.91037
0.90990
0.90610
0.90180
0.89882
0.89735
0.89733
0.89869
0.89978
0.89967
0.90016
0.90064
0.89808
0.89541
0.89801
0.90385
0.90574
0.90203
0.89889
0.89942
0.90017
0.89916
0.89735
0.89598
0.89670
0.89989
0.90229
0.90013
0.89535
0.89339
0.89479
0.89565
0.89472
0.89392
0.89543
0.89889
0.89975
0.89626
0.89328
0.89370
0.89705
0.90303
0.90840
0.90946
0.90643
0.90225
0.90176
0.90433
0.90435
0.90310
0.90371
0.90390
0.90173
0.89939
0.89990
0.90174
0.90085
0.89788
0.89766
0.90041
0.90206
0.90141
0.90049
0.90124
0.90073
0.89661
0.89346
0.89376
0.89492
0.89450
0.89346
0.89425
0.89670
0.89847
0.89710
0.89336
0.88957
0.88734
0.88983
0.89557
0.89703
0.89401
0.89406
0.89781
0.90062
0.90142
0.89885
0.89280
0.88937
0.89175
0.89731
0.90231
0.89941
0.88860
0.88260
0.88458
0.88917
0.89339
0.89576
0.89368
0.88617
0.88226
0.88741
0.89260
0.89282
0.89280
0.89253
0.89038
0.89010
0.89212
0.89368
0.89680
0.90124
0.90023
0.89417
0.89383
0.89941
0.90094
0.89877
0.89807
0.89487
0.88863
0.88619
0.88871
0.89286
0.89425
0.89215
0.89370
0.89827
0.89421
0.88590
0.88860
0.89634
0.89754
0.89544
0.89473
0.89423
0.89470
0.89599
0.89436
0.89333
0.89487
0.88821
0.87862
0.88328
0.89371
0.89358
0.88654
0.88486
0.88810
0.88957
0.88877
0.89027
0.89416
0.89423
0.89124
0.89357
0.89934
0.89893
0.89314
0.88952
0.88960
0.89265
0.89439
0.88792
0.88093
0.88530
0.89530
0.89930
0.89793
0.89791
0.89739
0.89326
0.89048
0.89410
0.90423
0.91120
0.90309
0.89122
0.89053
0.89446
0.89518
0.89300
0.88865
0.88385
0.88234
0.88449
0.88719
0.88833
0.88830
0.88864
0.88887
0.88779
0.88718
0.88869
0.88978
0.88862
0.88826
0.88845
0.88564
0.88307
0.88391
0.88607
0.88771
0.88747
0.88630
0.88611
0.88619
0.88686
0.88764
0.88559
0.88379
0.88827
0.89581
0.90000
0.90019
0.89797
0.89497
0.89224
0.88853
0.88335
0.88024
0.88123
0.88310
0.88422
0.88647
0.88860
0.88929
0.89163
0.89295
0.88433
0.87226
0.87256
0.88166
0.88788
0.88965
0.89023
0.89158
0.89430
0.89605
0.89208
0.88130
0.87402
0.87825
0.88624
0.88934
0.88918
0.88835
0.88586
0.88399
0.88406
0.88471
0.88595
0.88600
0.88471
0.88528
0.88716
0.88832
0.88858
0.88841
0.88824
0.88684
0.88432
0.88286
0.88206
0.88091
0.88165
0.88585
0.88973
0.88834
0.88489
0.88431
0.88364
0.88294
0.88541
0.88743
0.88694
0.88711
0.88841
0.88865
0.88546
0.88122
0.88123
0.88386
0.88517
0.88576
0.88659
0.88822
0.89126
0.89245
0.88962
0.88738
0.88802
0.88665
0.88070
0.87638
0.87849
0.88269
0.88420
0.88381
0.88476
0.88787
0.88939
0.88759
0.88555
0.88521
0.88581
0.88411
0.88057
0.87894
0.87601
0.87185
0.87413
0.88172
0.88490
0.88155
0.88129
0.88575
0.88644
0.88274
0.88055
0.88255
0.88635
0.88789
0.88625
0.88427
0.88517
0.88718
0.88605
0.88291
0.88140
0.88106
0.88008
0.87960
0.88031
0.88217
0.88469
0.88349
0.87894
0.88068
0.88864
0.89177
0.88931
0.88998
0.89307
0.89227
0.88842
0.88583
0.88522
0.88500
0.88359
0.88188
0.88140
0.88122
0.88185
0.88397
0.88560
0.88664
0.88848
0.88754
0.87966
0.87258
0.87391
0.87848
0.88089
0.87996
0.87667
0.87533
0.87801
0.88156
0.88287
0.88212
0.88106
0.88140
0.88277
0.88286
0.88139
0.88000
0.87914
0.87980
0.88234
0.88257
0.87989
0.88004
0.88227
0.88220
0.88184
0.88349
0.88539
0.88488
0.88252
0.88071
0.87928
0.87778
0.87720
0.87753
0.87816
0.87805
0.87613
0.87382
0.87352
0.87540
0.87766
0.87796
0.87612
0.87543
0.87822
0.88114
0.88033
0.87840
0.87771
0.87593
0.87387
0.87387
0.87506
0.87655
0.87781
0.87950
0.88202
0.88252
0.88115
0.88148
0.88348
0.88510
0.88521
0.88335
0.88062
0.87960
0.88048
0.87925
0.87582
0.87572
0.87917
0.88242
0.88477
0.88539
0.88340
0.88086
0.87931
0.87786
0.87636
0.87607
0.87725
0.87939
0.88161
0.88286
0.88246
0.88048
0.87841
0.87789
0.87843
0.87772
0.87608
0.87679
0.87888
0.87865
0.87668
0.87579
0.87628
0.87730
0.87888
0.88080
0.88216
0.88182
0.88004
0.87815
0.87671
0.87664
0.87773
0.87797
0.87738
0.87767
0.87856
0.87907
0.87993
0.88099
0.88103
0.88040
0.88021
0.88005
0.87882
0.87822
0.87944
0.87975
0.87848
0.87731
0.87645
0.87651
0.87787
0.87884
0.87858
0.87807
0.87778
0.87758
0.87742
0.87754
0.87794
0.87801
0.87761
0.87782
0.87888
0.87947
0.87906
0.87818
0.87740
0.87762
0.87956
0.88129
0.87947
0.87592
0.87490
0.87626
0.87778
0.87828
0.87808
0.87827
0.87925
0.88179
0.88528
0.88659
0.88518
0.88339
0.88233
0.88133
0.87985
0.87861
0.87787
0.87742
0.87788
0.87910
0.88002
0.87966
0.87807
0.87715
0.87770
0.87842
0.87906
0.87980
0.88052
0.88140
0.88152
0.87986
0.87748
0.87651
0.87725
0.87759
0.87653
0.87549
0.87629
0.87895
0.88126
0.88184
0.88161
0.88090
0.87976
0.87941
0.87962
0.87980
0.88097
0.88171
0.87982
0.87717
0.87600
0.87657
0.87868
0.87988
0.87874
0.87748
0.87617
0.87486
0.87472
0.87471
0.87557
0.87770
0.87900
0.87892
0.87784
0.87702
0.87727
0.87738
0.87695
0.87716
0.87853
0.87976
0.88066
0.88190
0.88140
0.87898
0.87737
0.87677
0.87725
0.87972
0.88209
0.88206
0.88005
0.87774
0.87683
0.87676
0.87634
0.87639
0.87678
0.87668
0.87666
0.87676
0.87652
0.87626
0.87672
0.87731
0.87667
0.87587
0.87687
0.87874
0.87927
0.87865
0.87878
0.87978
0.87995
0.87791
0.87499
0.87469
0.87731
0.87933
0.87920
0.87890
0.87924
0.87919
0.87809
0.87696
0.87813
0.87991
0.87927
0.87818
0.87805
0.87773
0.87771
0.87876
0.87972
0.87916
0.87740
0.87607
0.87646
0.87782
0.87892
0.87979
0.88065
0.88139
0.88155
0.88033
0.87836
0.87767
0.87855
0.87910
0.87887
0.87782
0.87559
0.87418
0.87481
0.87578
0.87580
0.87524
0.87542
0.87615
0.87614
0.87639
0.87705
0.87624
0.87509
0.87508
0.87571
0.87716
0.87804
0.87724
0.87716
0.87808
0.87803
0.87743
0.87749
0.87794
0.87836
0.87954
0.88064
0.88014
0.87953
0.87956
0.87920
0.87899
0.87947
0.87942
0.87840
0.87791
0.87853
0.87912
0.87902
0.87906
0.87968
0.87978
0.87882
0.87748
0.87668
0.87699
0.87811
0.87892
0.87907
0.87942
0.87989
0.87991
0.87952
0.87856
0.87767
0.87774
0.87851
0.87909
0.87880
0.87845
0.87902
0.87989
0.87998
0.87931
0.87878
0.87810
0.87637
0.87493
0.87465
0.87427
0.87365
0.87398
0.87538
0.87633
0.87642
0.87692
0.87716
0.87603
0.87472
0.87445
0.87518
0.87613
0.87691
0.87795
0.87894
0.87903
0.87834
0.87737
0.87581
0.87383
0.87318
0.87491
0.87761
0.87893
0.87844
0.87762
0.87723
0.87746
0.87836
0.87856
0.87773
0.87777
0.87876
0.87861
0.87748
0.87731
0.87806
0.87835
0.87796
0.87790
0.87862
0.87879
0.87771
0.87693
0.87737
0.87908
0.88159
0.88255
0.88061
0.87742
0.87498
0.87435
0.87519
0.87619
0.87696
0.87802
0.87925
0.88005
0.88037
0.88043
0.88047
0.88017
0.87917
0.87853
0.87880
0.87874
0.87799
0.87769
0.87845
0.87921
0.87850
0.87750
0.87901
0.88196
0.88233
0.88023
0.87865
0.87799
0.87763
0.87791
0.87926
0.88088
0.88083
0.87891
0.87731
0.87779
0.87923
0.87945
0.87882
0.87916
0.88040
0.88111
0.88039
0.87864
0.87787
0.87945
0.88180
0.88250
0.88103
0.87854
0.87702
0.87728
0.87849
0.87989
0.88084
0.88134
0.88182
0.88149
0.88017
0.87905
0.87865
0.87880
0.87902
0.87919
0.87989
0.88040
0.88019
0.88038
0.88066
0.88019
0.87928
0.87840
0.87867
0.88053
