function [ Trkoe ] = TrkoVer5572()
Tk = [
0.97766
0.97378
0.97244
0.97386
0.97481
0.97578
0.97869
0.98251
0.98535
0.98577
0.98273
0.97677
0.97153
0.97066
0.97229
0.97361
0.97590
0.97886
0.97912
0.97632
0.97454
0.97590
0.97802
0.97911
0.97859
0.97648
0.97551
0.97714
0.97976
0.98123
0.98003
0.97753
0.97506
0.97277
0.97351
0.97790
0.98079
0.98091
0.98219
0.98342
0.98106
0.97704
0.97424
0.97311
0.97336
0.97355
0.97220
0.97096
0.97225
0.97403
0.97434
0.97447
0.97441
0.97399
0.97428
0.97509
0.97531
0.97528
0.97710
0.98008
0.98002
0.97626
0.97315
0.97302
0.97370
0.97414
0.97501
0.97495
0.97276
0.97010
0.96996
0.97263
0.97430
0.97276
0.97122
0.97292
0.97633
0.97780
0.97613
0.97279
0.96950
0.96884
0.97233
0.97594
0.97513
0.97163
0.97047
0.97411
0.97948
0.98094
0.97770
0.97387
0.97093
0.96866
0.96842
0.96950
0.96992
0.97045
0.97234
0.97350
0.97223
0.97127
0.97110
0.96901
0.96745
0.96957
0.97287
0.97513
0.97636
0.97645
0.97504
0.97228
0.96983
0.96819
0.96770
0.97017
0.97372
0.97510
0.97532
0.97614
0.97622
0.97368
0.97091
0.97118
0.97320
0.97482
0.97563
0.97443
0.97173
0.97104
0.97241
0.97276
0.97165
0.97068
0.97032
0.97005
0.97009
0.97071
0.97106
0.97179
0.97392
0.97651
0.97813
0.97750
0.97590
0.97510
0.97385
0.97278
0.97400
0.97608
0.97765
0.97917
0.97953
0.97886
0.97884
0.97899
0.97805
0.97552
0.97291
0.97222
0.97317
0.97516
0.97712
0.97654
0.97361
0.97276
0.97548
0.97872
0.97995
0.97772
0.97294
0.96943
0.96837
0.96817
0.96873
0.97004
0.97144
0.97262
0.97280
0.97172
0.97004
0.96799
0.96618
0.96602
0.96726
0.96839
0.96863
0.96834
0.96899
0.97089
0.97320
0.97634
0.97975
0.98089
0.97863
0.97526
0.97436
0.97544
0.97492
0.97214
0.96984
0.96962
0.97067
0.97210
0.97483
0.97871
0.98183
0.98264
0.97987
0.97617
0.97670
0.97976
0.97926
0.97533
0.97179
0.96981
0.96901
0.96846
0.96776
0.96746
0.96853
0.97109
0.97296
0.97278
0.97171
0.97010
0.96792
0.96741
0.96989
0.97161
0.96915
0.96665
0.96864
0.97212
0.97321
0.97261
0.97208
0.97295
0.97397
0.97170
0.96791
0.96746
0.96940
0.97039
0.97068
0.97107
0.97174
0.97353
0.97562
0.97758
0.97979
0.97938
0.97529
0.97257
0.97333
0.97386
0.97267
0.97039
0.96821
0.96869
0.97035
0.96993
0.96865
0.96841
0.96925
0.97036
0.97055
0.97128
0.97388
0.97533
0.97405
0.97339
0.97436
0.97457
0.97409
0.97371
0.97270
0.97230
0.97326
0.97372
0.97263
0.97122
0.97147
0.97248
0.97226
0.97103
0.96862
0.96625
0.96673
0.96930
0.97155
0.97303
0.97363
0.97420
0.97571
0.97661
0.97551
0.97430
0.97427
0.97374
0.97226
0.97089
0.97005
0.97011
0.97026
0.97055
0.97172
0.97265
0.97379
0.97540
0.97541
0.97421
0.97433
0.97520
0.97409
0.97165
0.97141
0.97403
0.97633
0.97587
0.97369
0.97257
0.97327
0.97391
0.97333
0.97217
0.97135
0.97145
0.97229
0.97270
0.97181
0.97121
0.97302
0.97564
0.97582
0.97495
0.97619
0.97773
0.97693
0.97548
0.97438
0.97277
0.97183
0.97171
0.97126
0.97112
0.97056
0.96902
0.96844
0.96921
0.97013
0.97131
0.97235
0.97230
0.97200
0.97166
0.97073
0.96984
0.96973
0.97134
0.97354
0.97400
0.97388
0.97411
0.97379
0.97402
0.97506
0.97463
0.97307
0.97254
0.97269
0.97176
0.96964
0.96882
0.97144
0.97553
0.97726
0.97687
0.97726
0.97891
0.98011
0.97878
0.97516
0.97194
0.97092
0.97151
0.97220
0.97284
0.97374
0.97403
0.97355
0.97298
0.97163
0.96954
0.96922
0.97141
0.97269
0.97128
0.97026
0.97093
0.97086
0.96988
0.96998
0.97177
0.97380
0.97411
0.97319
0.97360
0.97602
0.97733
0.97588
0.97352
0.97129
0.96945
0.96910
0.97069
0.97296
0.97404
0.97387
0.97411
0.97534
0.97557
0.97392
0.97200
0.97122
0.97194
0.97253
0.97171
0.97173
0.97365
0.97485
0.97369
0.97138
0.96980
0.97019
0.97288
0.97621
0.97753
0.97579
0.97329
0.97294
0.97311
0.97180
0.97080
0.97097
0.97145
0.97181
0.97198
0.97252
0.97307
0.97326
0.97423
0.97553
0.97539
0.97464
0.97547
0.97768
0.97889
0.97755
0.97561
0.97604
0.97773
0.97798
0.97730
0.97661
0.97620
0.97651
0.97683
0.97686
0.97683
0.97632
0.97538
0.97438
0.97349
0.97291
0.97277
0.97265
0.97207
0.97200
0.97289
0.97391
0.97569
0.97751
0.97724
0.97579
0.97544
0.97689
0.97872
0.97875
0.97692
0.97505
0.97481
0.97556
0.97549
0.97459
0.97395
0.97433
0.97560
0.97639
0.97542
0.97325
0.97188
0.97237
0.97328
0.97279
0.97178
0.97173
0.97238
0.97344
0.97521
0.97680
0.97636
0.97430
0.97277
0.97165
0.97055
0.97138
0.97397
0.97565
0.97629
0.97744
0.97862
0.97843
0.97792
0.97923
0.98116
0.98114
0.97949
0.97732
0.97518
0.97430
0.97466
0.97455
0.97389
0.97448
0.97623
0.97651
0.97493
0.97390
0.97417
0.97528
0.97602
0.97523
0.97410
0.97422
0.97546
0.97660
0.97711
0.97662
0.97466
0.97288
0.97323
0.97520
0.97692
0.97785
0.97821
0.97765
0.97632
0.97500
0.97486
0.97570
0.97560
0.97475
0.97487
0.97589
0.97713
0.97839
0.97916
0.97938
0.97909
0.97756
0.97560
0.97480
0.97556
0.97730
0.97837
0.97807
0.97749
0.97734
0.97746
0.97734
0.97683
0.97663
0.97624
0.97497
0.97410
0.97404
0.97478
0.97739
0.98012
0.98052
0.97954
0.97878
0.97867
0.97830
0.97673
0.97563
0.97677
0.97886
0.98002
0.98000
0.97890
0.97669
0.97468
0.97407
0.97391
0.97377
0.97459
0.97647
0.97747
0.97596
0.97383
0.97345
0.97491
0.97736
0.97972
0.98072
0.97933
0.97736
0.97735
0.97813
0.97844
0.97865
0.97849
0.97772
0.97678
0.97608
0.97608
0.97663
0.97700
0.97787
0.97917
0.97938
0.97896
0.97802
0.97693
0.97766
0.97957
0.98095
0.98139
0.98055
0.97933
0.97877
0.97821
0.97790
0.97865
0.97886
0.97804
0.97799
0.97833
0.97784
0.97782
0.97945
0.98115
0.98095
0.97943
0.97872
0.97911
0.97863
0.97701
0.97635
0.97770
0.98012
0.98181
0.98163
0.98007
0.97796
0.97634
0.97641
0.97730
0.97721
0.97709
0.97799
0.97811
0.97677
0.97610
0.97702
0.97825
0.97877
0.97829
0.97727
0.97730
0.97862
0.97930
0.97864
0.97779
0.97720
0.97595
0.97435
0.97454
0.97668
0.97846
0.97822
0.97622
0.97444
0.97489
0.97686
0.97815
0.97855
0.97907
0.97979
0.98028
0.98035
0.98013
0.98004
0.98031
0.98055
0.98059
0.98061
0.98045
0.97997
0.97918
0.97856
0.97863
0.97917
0.97979
0.98015
0.97977
0.97858
0.97778
0.97858
0.98009
0.98069
0.98015
0.97899
0.97741
0.97631
0.97651
0.97737
0.97820
0.97830
0.97713
0.97609
0.97716
0.97931
0.98007
0.97931
0.97865
0.97866
0.97888
0.97970
0.98089
0.98041
0.97829
0.97635
0.97531
0.97561
0.97728
0.97908
0.97983
0.97965
0.97908
0.97855
0.97850
0.97906
0.97990
0.97982
0.97819
0.97673
0.97717
0.97862
0.97927
0.97914
0.97951
0.98056
0.98096
0.98016
0.97919
0.97892
0.97961
0.98070
0.98069
0.97912
0.97733
0.97670
0.97698
0.97715
0.97717
0.97727
0.97762
0.97833
0.97824
0.97696
0.97617
0.97648
0.97720
0.97817
0.97875
0.97842
0.97816
0.97870
0.97948
0.97946
0.97816
0.97692
0.97711
0.97787
0.97834
0.97865
0.97908
0.97976
0.98051
0.98081
0.98016
0.97945
0.97924
0.97826
0.97654
0.97605
0.97698
0.97755
0.97740
0.97720
0.97716
0.97721
0.97725
0.97796
0.97934
0.97979
0.97886
0.97817
0.97825
0.97818
0.97817
0.97816
0.97806
0.97810
0.97795
0.97808
0.97887
0.97987
0.98050
0.98051
0.98039
0.98048
0.98053
0.97966
0.97785
0.97695
0.97767
0.97873
0.97927
0.97942
0.97955
0.97998
0.98023
0.97893
0.97651
0.97570
0.97767
0.98053
0.98204
0.98086
0.97817
0.97693
0.97717
0.97780
0.97914
0.98049
0.98126
0.98154
0.98063
0.97885
0.97820
0.97951
0.98087
0.98021
0.97879
0.97836
0.97861
0.97930
0.98008
0.98037
0.98010
0.97918
0.97832
0.97836
0.97819
0.97682
0.97593
0.97663
0.97781
0.97840
0.97820
