function [ Trkoe ] = TrkoVer53101()
Tk = [
0.97611
0.97369
0.96863
0.96266
0.95658
0.95449
0.95913
0.96692
0.97326
0.97586
0.97528
0.97362
0.97121
0.96813
0.96595
0.96555
0.96573
0.96535
0.96484
0.96558
0.96713
0.96724
0.96718
0.96902
0.96983
0.96719
0.96506
0.96756
0.97157
0.97256
0.97237
0.97325
0.97280
0.97223
0.97584
0.97995
0.97704
0.96996
0.96575
0.96445
0.96386
0.96312
0.96175
0.96114
0.96215
0.96399
0.96571
0.96617
0.96618
0.96803
0.97113
0.97123
0.96603
0.96055
0.96130
0.96586
0.96597
0.96113
0.95817
0.96040
0.96595
0.96953
0.96754
0.96336
0.96244
0.96411
0.96387
0.96196
0.96170
0.96252
0.96211
0.95987
0.95731
0.95696
0.95906
0.96326
0.96851
0.97044
0.96938
0.96857
0.96673
0.96571
0.96758
0.96834
0.96670
0.96483
0.96265
0.96029
0.96075
0.96471
0.96642
0.96197
0.95661
0.95630
0.95791
0.95704
0.95775
0.96297
0.96760
0.96712
0.96297
0.95982
0.95923
0.95990
0.96146
0.96316
0.96356
0.96306
0.96250
0.96100
0.95882
0.95722
0.95650
0.95856
0.96141
0.95939
0.95477
0.95341
0.95596
0.96094
0.96541
0.96563
0.96310
0.96234
0.96328
0.96401
0.96426
0.96201
0.95706
0.95488
0.95646
0.95833
0.96010
0.96258
0.96268
0.95773
0.95358
0.95522
0.95804
0.95772
0.95611
0.95531
0.95560
0.95795
0.96204
0.96442
0.96328
0.96083
0.95925
0.95863
0.96015
0.96382
0.96483
0.96280
0.96302
0.96327
0.95890
0.95359
0.95105
0.95055
0.95136
0.95364
0.95641
0.95725
0.95607
0.95643
0.95959
0.96145
0.95935
0.95748
0.95796
0.95714
0.95550
0.95590
0.95646
0.95603
0.95522
0.95206
0.94941
0.95218
0.95600
0.95656
0.95585
0.95449
0.95242
0.95190
0.95343
0.95584
0.95797
0.95882
0.96055
0.96456
0.96673
0.96436
0.96053
0.95743
0.95432
0.95330
0.95543
0.95546
0.95296
0.95369
0.95672
0.95870
0.96101
0.96470
0.96685
0.96513
0.96229
0.96280
0.96716
0.97003
0.96606
0.96064
0.96112
0.96327
0.96046
0.95470
0.95103
0.94972
0.95012
0.95313
0.95696
0.95753
0.95532
0.95521
0.95724
0.95777
0.95821
0.96078
0.96225
0.96013
0.95635
0.95257
0.94973
0.94919
0.95044
0.95207
0.95405
0.95628
0.95729
0.95615
0.95367
0.95152
0.95091
0.95186
0.95504
0.96078
0.96553
0.96637
0.96490
0.96260
0.95953
0.95739
0.95696
0.95559
0.95278
0.95179
0.95283
0.95311
0.95291
0.95384
0.95477
0.95464
0.95380
0.95193
0.94983
0.95075
0.95430
0.95594
0.95542
0.95610
0.95790
0.95894
0.95884
0.95653
0.95191
0.95000
0.95276
0.95522
0.95447
0.95229
0.95141
0.95329
0.95667
0.95808
0.95679
0.95484
0.95245
0.95070
0.95108
0.95179
0.95254
0.95499
0.95802
0.95957
0.95923
0.95673
0.95238
0.94854
0.94782
0.94999
0.95348
0.95656
0.95621
0.95367
0.95312
0.95357
0.95409
0.95570
0.95626
0.95445
0.95306
0.95340
0.95325
0.95056
0.94771
0.94823
0.95095
0.95285
0.95308
0.95244
0.95274
0.95504
0.95564
0.95097
0.94681
0.94841
0.95029
0.94838
0.94821
0.95210
0.95518
0.95505
0.95426
0.95552
0.95824
0.95877
0.95639
0.95451
0.95388
0.95281
0.95084
0.94897
0.94753
0.94472
0.94177
0.94199
0.94430
0.94714
0.95075
0.95490
0.95737
0.95537
0.95093
0.94867
0.94975
0.95194
0.95237
0.95061
0.94890
0.94913
0.95002
0.94940
0.94767
0.94641
0.94653
0.94776
0.94811
0.94678
0.94629
0.94814
0.95002
0.95045
0.95217
0.95627
0.95791
0.95574
0.95426
0.95463
0.95525
0.95500
0.95437
0.95395
0.95310
0.95200
0.95091
0.95001
0.94978
0.95057
0.95132
0.95034
0.94854
0.94783
0.94735
0.94442
0.94108
0.94142
0.94308
0.94358
0.94456
0.94639
0.94732
0.94750
0.94874
0.95005
0.94816
0.94440
0.94450
0.94870
0.95058
0.94812
0.94524
0.94452
0.94568
0.94719
0.94716
0.94638
0.94776
0.95022
0.95052
0.94951
0.94978
0.95143
0.95204
0.95056
0.94897
0.94912
0.95023
0.94998
0.94853
0.94730
0.94624
0.94505
0.94353
0.94326
0.94506
0.94648
0.94647
0.94557
0.94549
0.94748
0.94833
0.94668
0.94591
0.94612
0.94490
0.94354
0.94380
0.94457
0.94535
0.94578
0.94544
0.94548
0.94563
0.94506
0.94521
0.94680
0.94847
0.94906
0.94842
0.94734
0.94709
0.94756
0.94672
0.94455
0.94353
0.94437
0.94680
0.95000
0.95103
0.94921
0.94668
0.94451
0.94346
0.94394
0.94495
0.94564
0.94572
0.94523
0.94590
0.94820
0.94884
0.94737
0.94709
0.94781
0.94731
0.94635
0.94653
0.94674
0.94517
0.94306
0.94332
0.94549
0.94678
0.94684
0.94704
0.94799
0.94845
0.94700
0.94448
0.94314
0.94403
0.94512
0.94450
0.94464
0.94665
0.94754
0.94719
0.94748
0.94745
0.94611
0.94428
0.94352
0.94449
0.94579
0.94657
0.94735
0.94787
0.94746
0.94595
0.94413
0.94310
0.94336
0.94473
0.94591
0.94571
0.94494
0.94464
0.94441
0.94402
0.94372
0.94300
0.94178
0.94110
0.94160
0.94293
0.94465
0.94590
0.94540
0.94436
0.94559
0.94824
0.94873
0.94661
0.94438
0.94331
0.94381
0.94534
0.94570
0.94470
0.94497
0.94769
0.94988
0.94882
0.94752
0.94881
0.94984
0.94854
0.94693
0.94572
0.94403
0.94344
0.94530
0.94774
0.94845
0.94683
0.94491
0.94498
0.94562
0.94518
0.94476
0.94522
0.94600
0.94660
0.94617
0.94473
0.94364
0.94345
0.94385
0.94365
0.94247
0.94186
0.94252
0.94431
0.94586
0.94572
0.94526
0.94543
0.94547
0.94461
0.94287
0.94215
0.94351
0.94508
0.94525
0.94399
0.94202
0.94116
0.94244
0.94428
0.94440
0.94240
0.94040
0.94043
0.94072
0.94019
0.94194
0.94541
0.94687
0.94652
0.94524
0.94389
0.94403
0.94422
0.94386
0.94440
0.94529
0.94554
0.94587
0.94616
0.94521
0.94390
0.94344
0.94296
0.94256
0.94359
0.94529
0.94549
0.94349
0.94102
0.94022
0.94101
0.94257
0.94454
0.94548
0.94478
0.94412
0.94431
0.94455
0.94446
0.94407
0.94278
0.94083
0.93989
0.94075
0.94220
0.94308
0.94354
0.94440
0.94551
0.94517
0.94300
0.94152
0.94244
0.94407
0.94487
0.94490
0.94388
0.94248
0.94235
0.94348
0.94485
0.94652
0.94791
0.94770
0.94619
0.94435
0.94312
0.94299
0.94307
0.94286
0.94215
0.94106
0.94084
0.94206
0.94427
0.94653
0.94718
0.94573
0.94376
0.94295
0.94341
0.94335
0.94231
0.94178
0.94151
0.94102
0.94109
0.94148
0.94171
0.94163
0.94128
0.94130
0.94272
0.94497
0.94502
0.94231
0.94012
0.94026
0.94154
0.94229
0.94182
0.94125
0.94233
0.94314
0.94167
0.94056
0.94103
0.94185
0.94288
0.94356
0.94307
0.94173
0.94161
0.94369
0.94560
0.94580
0.94504
0.94370
0.94245
0.94172
0.94070
0.94006
0.94146
0.94409
0.94527
0.94395
0.94190
0.94154
0.94343
0.94584
0.94686
0.94664
0.94641
0.94600
0.94452
0.94313
0.94379
0.94552
0.94632
0.94563
0.94414
0.94383
0.94441
0.94317
0.94059
0.93949
0.94085
0.94306
0.94452
0.94520
0.94514
0.94475
0.94402
0.94216
0.94043
0.94008
0.94004
0.93965
0.93993
0.94111
0.94223
0.94298
0.94296
0.94183
0.94084
0.94102
0.94202
0.94279
0.94280
0.94263
0.94216
0.94120
0.94104
0.94174
0.94131
0.93926
0.93815
0.93957
0.94167
0.94263
0.94260
0.94234
0.94228
0.94225
0.94230
0.94290
0.94363
0.94348
0.94288
0.94312
0.94408
0.94489
0.94551
0.94575
0.94462
0.94261
0.94188
0.94250
0.94223
0.94112
0.94125
0.94232
0.94250
0.94218
0.94276
0.94375
0.94350
0.94202
0.94129
0.94230
0.94371
0.94413
0.94408
0.94509
0.94711
0.94808
0.94697
0.94448
0.94192
0.94078
0.94123
0.94248
0.94317
0.94261
0.94237
0.94281
0.94277
0.94211
0.94172
0.94326
0.94575
0.94628
0.94509
0.94412
0.94386
0.94350
0.94297
0.94331
0.94372
0.94296
0.94202
0.94188
0.94272
0.94370
0.94354
0.94310
0.94347
0.94426
0.94538
0.94544
0.94317
0.94141
0.94294
0.94539
0.94562
0.94444
0.94383
0.94382
0.94356
0.94346
0.94451
0.94546
0.94503
0.94440
0.94429
0.94421
0.94403
0.94373
0.94370
0.94460
0.94601
0.94692
0.94674
0.94560
0.94427
0.94321
0.94274
0.94305
0.94372
0.94445
0.94517
