function [ vfdl100 ] = vermFlake100mkmDlVoln()
vfdl=[359
    361
    364
    366
    369
    371
    373
    375
    376
    390
    392
    394
    398
    400
    404
    407
    411
    419
    421
    423
    426
    430
    436
    440
    442
    446
    454
    460
    467
    470
    474
    480
    486
    488
    492
    500
    519
    523
    527
    537
    550
    573
    581
    610
    626
    640
    650
    690
    700
    732
    750
    770
    800];
vfdl100=vfdl;
end