function [ vf50 ] = vermFlake50mkm()
vf = [0.977
    0.967
    0.95
    0.9
    0.85
    0.833
    0.817
    0.8
    0.788
    0.777
    0.758
    0.725
    0.7
    0.675
    0.65
    0.615
    0.6
    0.585
    0.565
    0.55
    0.5
    0.45
    0.4
    0.35
    0.3
    0.25
    0.225
    0.2
    0.175
    0.15
    0.125
    0.1
    0.075
    0.05
    0.025
    0.015
    0.008];
vf50=vf;
end