function [ vf100 ] = vermFlake100mkm()
vf=[0.95
    0.9
    0.7
    0.6
    0.5
    0.4
    0.3
    0.25
    0.2
    0.973
    0.9
    0.85
    0.75
    0.71
    0.68
    0.65
    0.61
    0.6
    0.585
    0.565
    0.55
    0.5
    0.45
    0.41
    0.4
    0.362
    0.35
    0.34
    0.3
    0.285
    0.25
    0.21
    0.2
    0.192
    0.17
    0.15
    0.108
    0.1
    0.086
    0.083
    0.071
    0.06
    0.05
    0.041
    0.032
    0.025
    0.023
    0.045
    0.041
    0.014
    0.009
    0
    0.023];
vf100=vf;
end