function [ vfdl50 ] = vermFlake50mkmDlVoln()
vfdl=[196
    201
    204
    212
    218
    221
    228
    234
    243
    250
    255
    259
    260
    262
    264
    265
    266
    267
    268
    269
    271
    272
    274
    276
    279
    284
    286
    289
    293
    299
    308
    313
    321
    329
    340
    343
    350];
vfdl50=vfdl;
end